-65
-67.805
-61.97340028984672
-55.887515778490666
-56.03161598208919
-66.01632223336111
-76.78498430536308
-75.26318592426975
-67.43517850573832
-60.2477722024677
-59.10644210544777
-67.5671807065801
-77.80504920334704
-77.2436646766235
-69.89739615101263
-61.86081092795481
-58.390680055697736
-64.06914754508425
-75.56252356158812
-78.31606104724194
-72.20954677116241
-63.80031332664736
-58.43529925708646
-61.13989887287258
-72.30043328634693
-78.63547373530184
-74.35700534181004
-66.02199527435423
-59.22109482959685
-59.11420756675912
-68.55731129208193
-77.97898519373085
-76.19623039209715
-68.39443417754437
-60.60410526900382
-58.03003136676816
-64.8991815983172
-76.19103933107911
-77.56629661825147
-70.78900060660183
-62.44382677992035
-57.822217456295206
-61.78150511989777
-73.35425003129423
-78.28001812032265
-73.07581455028689
-64.6073565105143
-58.37663241920063
-59.47061238355997
-69.84043420014885
-78.11915650683252
-75.11755415969861
-66.96784244481387
-59.56196077429685
-58.060226129000526
-66.17764496858204
-76.88764102027683
-76.7637026475493
-69.40196808290351
-61.246126298874934
-57.52741614403978
-62.858938663703505
-74.55187983748475
-77.84311107268864
-71.78597455340464
-63.30173467977319
-57.78475867018858
-60.223376388836186
-71.35274127971172
-78.1545440783178
-73.99003043739393
-65.60581211544348
-58.71552853929079
-58.43510816010762
-67.75363896717599
-77.48435564458978
-75.87270960952517
-68.03825936274762
-60.19460422385475
-57.52244691824768
-64.26865619048961
-75.70554356698828
-77.27561569988633
-70.47937770753045
-62.09813076891403
-57.429756655099624
-61.30927264318663
-72.91909153184966
-78.01490006086269
-72.8053187391123
-64.3054222604425
-58.05738046280983
-59.11991581046264
-69.48846415901646
-77.87940070979069
-74.88253698735816
-66.69811388324867
-59.287508051789715
-57.79114921480699
-65.9163112455209
-76.68345192867851
-76.56296337113456
-69.15878008868735
-60.99881850145345
-57.30689794720869
-62.67311835641555
-74.39877445206143
-77.67783640095962
-71.56780111190992
-63.071771980755784
-57.58940160499306
-60.08774304974607
-71.25900527385942
-78.02952612813543
-73.79823057704952
-65.38881238187825
-58.530650724372194
-58.32473780801877
-67.71249314816987
-77.40844182119616
-75.71069922084794
-67.83353362388317
-60.01222937274646
-57.41817962785514
-64.26129782396298
-75.6870392178623
-77.1486558886751
-70.28887097514932
-61.91510741841371
-57.319399764992056
-61.31347613900802
-72.95717389462921
-77.93066982077771
-72.63299057089687
-64.12193360583471
-57.934709590477965
-59.116947636326614
-69.5689907875898
-77.84816436284225
-74.73397707432127
-66.51659203265743
-59.15062777912094
-57.76853542534607
-66.01610625657817
-76.71422072269608
-76.4452444400403
-68.98324240043009
-60.84876566108325
-57.258289220248855
-62.76823126959721
-74.49108953124079
-77.59983910530389
-71.40356245592594
-62.91156577608484
-57.513240802053744
-60.159726497409665
-71.39791296070202
-78.00240808723571
-73.65182719223507
-65.22281019331685
-58.42860039835341
-58.36269587941413
-67.87240800084452
-77.44351047080092
-75.5898861057078
-67.66701211561109
-59.887888340761805
-57.417826037134674
-64.41497449025013
-75.78838386420736
-77.0626022255598
-70.1278768267571
-61.773241912339955
-57.28119491175329
-61.439462911894424
-73.11417106765168
-77.8905042180071
-72.4844190965184
-63.96807682087569
-57.862104788613486
-59.202495104264734
-69.75714743011274
-77.86647879116391
-74.60571598214251
-66.35679668328983
-59.04868754815088
-57.808714145086256
-66.20574492060632
-76.79995220531003
-76.34634074915178
-68.8239808642345
-60.72332691540444
-57.25367562552508
-62.93371399086972
-74.64071342164594
-77.54092081695227
-71.25183921342621
-62.768883944057315
-57.46778800542673
-60.28434568827509
-71.59176277062267
-77.9960515018837
-73.51541425737625
-65.06941934155765
-58.34804020796321
-58.438869414388606
-68.08082823127407
-77.50178959758594
-75.47753557978143
-67.50965590701225
-59.77868122522753
-57.444766616165424
-64.60862719584344
-75.9150763563868
-76.98433780403283
-69.97358882006287
-61.64209771935373
-57.26234779057623
-61.59672039970948
-73.29722317743119
-77.85816911810349
-72.34077312720015
-63.82183160938729
-57.80321859553352
-59.31164002376194
-69.9701535989973
-77.893237439603
-74.48110409191683
-66.20237846952743
-58.95649572502737
-57.86632319477323
-66.41746862094045
-76.89516587230496
-76.25021659639474
-68.66844549733572
-60.60482460960445
-57.26179924451894
-63.11771871907277
-74.80097550764097
-77.48423407659564
-71.10257340126509
-62.63110607739242
-57.431600320104266
-60.42383517818088
-71.79703956095993
-77.9916406205688
-73.38044576737971
-64.91942195882021
-58.27420804025137
-58.526637789302
-68.30073576938716
-77.56209485960503
-75.36580120432703
-67.35453063217517
-59.674343103011026
-57.4805938317769
-64.81307274227491
-76.04445368515302
-76.90599017183474
-69.8205908886723
-61.51442995785275
-57.25024135208324
-61.76353983741594
-73.48413065838137
-77.82512351035315
-72.19760758910881
-63.67798239182663
-57.749404968639325
-59.4288788082995
-70.18825179549411
-77.91880017719647
-74.35623856915429
-66.04948436811317
-58.86808599452746
-57.93057104043115
-66.6351270139957
-76.98919031686235
-76.15314246313763
-68.51369482432095
-60.48909026531907
-57.275251659149006
-63.30790873354506
-74.96087829533163
-77.42589097658565
-70.95342289495478
-62.49527022930328
-57.399615138341225
-60.569230233146506
-72.00344132767515
-77.98485148692049
-73.24494723603439
-64.77066617098805
-58.20363290815193
-58.619700685193806
-68.52333988194412
-77.61953825725759
-75.25288617995368
-67.20002770517901
-59.572471540466736
-57.5209669412928
-65.02137565285994
-76.17122774489624
-76.82577291183429
-69.66763667783411
-61.38855247178853
-57.24191343666381
-61.934770264203195
-73.66964893357093
-77.7894415980756
-72.05391001739457
-63.53532373213332
-57.69864472967228
-59.55054595910573
-70.40673244669605
-77.94098417969454
-74.23024108758756
-65.89723158585599
-58.78207376617658
-57.99891934988173
-66.85485525772941
-77.07956360194609
-76.0542895373479
-68.3590625412709
-60.37516425916676
-57.29230205705246
-63.501335294045454
-75.11782092169344
-77.36503715257385
-70.80386525001074
-62.36070176569427
-57.37065980218689
-60.71840014778199
-72.20848201850829
-77.97473422820836
-73.10848661302792
-64.6226686178906
-58.13551919228293
-58.71657412192006
-68.74649634147077
-77.67301831719358
-75.13840545079263
-67.04579237090165
-59.472523092323414
-57.56487574762862
-65.2318431321531
-76.29415130673235
-76.74331093876052
-69.51445823477553
-61.264090640880454
-57.23668531051105
-62.10916532470088
-73.85248591638384
-77.75072394033211
-71.90947014550412
-63.393594302344866
-57.650484093250014
-59.67576887362512
-70.62440310522175
-77.95932471322683
-74.10293654255264
-65.74543493248322
-58.698155273760904
-58.070777190416834
-67.07566678323262
-77.1657191643448
-75.95349940684603
-68.20441520133754
-60.26284279188165
-57.31255906343904
-63.69725337891933
-75.27114817802669
-77.30151547541135
-70.65380271906955
-62.22726391108396
-57.344478943190566
-60.87082083981015
-72.41149315581258
-77.96111277148835
-72.97099022764884
-64.4753375244717
-58.06970168703943
-58.81690758478983
-68.96961121170729
-77.7223041442284
-75.02230012739973
-66.89176342513203
-59.37439189670259
-57.61209430468088
-65.4440082306286
-76.41291052178666
-76.6585532557087
-69.36101596056024
-61.14097815306245
-57.234416018204485
-62.28639347856803
-74.03226608848685
-77.70892030304141
-71.7642641816284
-63.252754354932804
-57.60483788965274
-59.80433040315033
-70.84088913728006
-77.97375108992507
-73.97431244761258
-65.5940726047149
-58.616281117415966
-58.14601123529755
-67.29724559287496
-77.24752800514509
-75.8507677027377
-68.04974380049254
-60.152099761338306
-57.33594630055252
-63.89543223718944
-75.42065625923071
-77.23532812389071
-70.5032363528942
-62.09494617101482
-57.321033015577775
-61.026343820297335
-72.61222861560282
-77.9439880780393
-72.83246736915652
-64.32867289488073
-58.0061635299449
-58.920616033311106
-69.19245073343102
-77.76736604886041
-74.9045863448846
-66.7379482840257
-59.27807500408544
-57.662580636862586
-65.6576886918692
-76.52740925809815
-76.57152285766267
-69.20732342121431
-61.01922112180929
-57.23509091460868
-62.46633574605336
-74.20882797605974
-77.66406001241585
-71.61831152086434
-63.112816118511994
-57.561707624065185
-59.936165978788715
-71.05600600129868
-77.98428366733411
-73.84439373606726
-65.44316103788414
-58.536461735766565
-58.22459495103516
-67.51943065120665
-77.32496430041303
-75.74612519375256
-67.895068335019
-60.042950838844575
-57.36246107955759
-64.09575947857822
-75.56624848119132
-77.16651333439442
-70.35219007714839
-61.96376769758926
-57.30033309040574
-61.18490700900851
-72.81054145713428
-77.92340172316621
-72.69294638976193
-64.18269624187319
-57.9449227342772
-59.02767569393005
-69.41486426734257
-77.8082223657385
-74.78529730896425
-66.58437037756983
-59.183593677486954
-57.716335410236155
-65.87276692512299
-76.6376047682069
-76.48225934152359
-69.05340648523674
-60.89884268138386
-57.23872477115467
-62.648920997298426
-74.38206205728343
-77.61619029471822
-71.47164144062492
-62.97380401869199
-57.52111510436694
-60.07124540419835
-71.26961363546852
-77.9909645544378
-73.71321379892808
-65.29272560991731
-58.45872164667928
-58.30652603376298
-67.74209567994876
-77.39802876373221
-75.63961043794782
-67.74041551362808
-59.93542152878953
-57.392117579454364
-64.29814839005205
-75.70785611723561
-77.09511718642436
-70.2006930161766
-61.83375460983415
-57.28240195436738
-61.346466823945214
-73.0063092657152
-77.89940468125451
-72.55245988804137
-64.0374341220531
-57.886005485865
-59.13807601352234
-69.63671993919563
-77.84490433384543
-74.6644699307384
-66.43105685136872
-59.09097488989843
-57.77336865072695
-66.08913863219455
-76.74346996874304
-76.39080574749734
-68.89929379734899
-60.779869976005656
-57.24533895168807
-62.83408732672497
-74.55187348103318
-77.56536215854483
-71.32428536235984
-62.83574534947853
-57.48308681104777
-60.209545049515484
-71.48158280914767
-77.99384168253509
-73.58080778766607
-65.14279378540655
-58.38308868209411
-58.39180695806452
-67.96512120984329
-77.46673101468014
-75.53126349887401
-67.58581355595143
-59.82953966393396
-57.42493345319892
-64.50251625517113
-75.84542024206611
-77.02118714383981
-70.0487753804009
-61.704934671243656
-57.267264939648186
-61.51098221398398
-73.19941702375145
-77.87205012939795
-72.41104127467973
-63.89291427865449
-57.82943985390163
-59.25180832827179
-69.85788978703589
-77.87744794621044
-74.54214174794053
-66.27803569384987
-59.00024697373442
-57.833691887136396
-66.30670085178873
-76.84498475618277
-76.29720554873155
-68.74501456077199
-60.662331104915765
-57.25495602280573
-63.02177298720373
-74.71817357836356
-77.51162714291338
-71.17627505553209
-62.698668085643
-57.447650208131826
-60.35104128238479
-71.69178745838404
-77.99296505731667
-73.4472110675799
-64.99339351247315
-58.30959145277633
-58.48044036988961
-68.18838814933815
-77.53108544101258
-75.42112450763506
-67.43129098155035
-59.72533364233847
-57.46092665395737
-64.70877929517691
-75.97888759718553
-76.94477057763946
-69.89646751232821
-61.57733604086736
-57.25494775103994
-61.67841088246836
-73.38975328948442
-77.84139173790098
-72.26872397817422
-63.749164738350906
-57.77525430408773
-59.368863162724715
-70.0782464264197
-77.9058919578033
-74.41835021938684
-66.12533506741593
-58.91143859704239
-57.897316275589134
-66.5253492164709
-76.94213397070253
-76.20150196982904
-68.59059802421235
-60.546254405528956
-57.26759846727228
-63.21191425468042
-74.88087800770522
-77.45503655218606
-71.02764222302794
-62.562600369767765
-57.41483286369349
-60.495708887490196
-71.90010305022386
-77.98838579457706
-73.31245886283855
-64.84455284917561
-58.23825874827608
-58.57242796987033
-68.41177637329874
-77.59111014130421
-75.309233339756
-67.27687633093838
-59.62283201336149
-57.50011466597596
-64.91685150318106
-76.10820966988958
-76.8659144309697
-69.74379966831111
-61.45098698050307
-57.2454759395251
-61.848708372802896
-73.5772094508901
-77.8074832188121
-72.12554126299467
-63.60621360018864
-57.72347734113981
-59.489229556928024
-70.29766239737933
-77.93027729971092
-74.29313256687257
-65.97298315489564
-58.82457852157647
-57.964252130538455
-66.74497736563698
-77.03490687445101
-76.10373784000835
-68.43607336652558
-60.431668285711304
-57.2832883627072
-63.4044449196427
-75.03990642228617
-77.39564126338017
-70.87841840787887
-62.42757039205834
-57.38466223109407
-60.64352065816456
-72.10640634612804
-77.98015579587923
-73.17658617721415
-64.69629987763918
-58.16911939163457
-58.6677702167632
-68.63516448597424
-77.64682656693377
-75.19562954830356
-67.12259810423738
-59.52206338056803
-57.54251430075246
-65.12664439301184
-76.23334250077454
-76.78466514724067
-69.59080197179154
-61.3259157863535
-57.23887476297447
-62.02182782727437
-73.7616796875517
-77.77037816741618
-71.98152618989339
-63.46408898662476
-57.67413741651983
-59.612894869916516
-70.51601013814201
-77.95064681535166
-74.16652574316961
-65.82100812637893
-58.73969554442239
-58.034508785958394
-66.96547686636524
-77.12329696778275
-76.00395556901182
-68.28146967414756
-60.31860118503036
-57.30204728700703
-63.59929616276827
-75.19518248081701
-77.33349166813619
-70.72863497482885
-62.293606362283136
-57.357165585254144
-60.79444726390985
-72.31057549048128
-77.96832757543774
-73.03962777852362
-64.54866268540627
-58.10220220062031
-58.766466223060704
-68.85842986189864
-77.6982593196371
-75.0803523556291
-66.96848475057735
-59.42305637898619
-57.588141625639025
-65.33806696599773
-76.35424664851679
-76.70106865980502
-69.43750440657753
-61.20215077342091
-57.235169137552944
-62.19771990575518
-73.94306109265924
-77.73012997631992
-71.83671160925152
-63.32281903247144
-57.62726289807091
-59.73984469493965
-70.73316210767226
-77.96704507187044
-74.0385664288714
-65.66943813406672
-58.65681848248734
-58.10809453348291
-67.18673725733883
-77.20730187425981
-75.90219715110173
-68.12681594014266
-60.20708156628959
-57.323896276670325
-63.7963965237482
-75.34663392927524
-77.26863764899107
-70.57832310943445
-62.160736503336466
-57.332369994966115
-60.948457183527395
-72.5124901747924
-77.95295412698427
-72.90161819772455
-64.40166936238232
-58.03753597357847
-58.86851369513184
-69.08144875582127
-77.74543598102628
-74.96344065822944
-66.81456466924115
-59.32583966968963
-57.637011922991434
-65.55102573280726
-76.47088718063091
-76.61517039680078
-69.28393681951565
-61.079720272329354
-57.234383610073564
-62.376332744030805
-74.12125382796114
-77.68679177167397
-71.69113016215414
-63.18243188264819
-57.58288205372324
-59.87006280083429
-70.94899094572813
-77.97951819098589
-73.90929103564284
-65.51830131352364
-58.57597616675544
-58.18501657790654
-67.40864612601774
-77.2869232331949
-75.79850417532671
-67.97214106825305
-60.09713791414984
-57.34885579709356
-63.995671895239425
-75.49419269065994
-77.2011285666975
-70.42751382136562
-62.02898904989444
-57.31030230325111
-61.10551665462631
-72.71203181934
-77.9340888054408
-72.76259173132333
-64.2553480012909
-57.97514948061274
-58.97390888320973
-69.30409643292
-77.78838694654615
-74.84493303424779
-66.66086621343581
-59.23044193828811
-57.68913965587218
-65.76542475233808
-76.58323366005786
-76.52701529030975
-69.13012892540709
-60.95865262910966
-57.23654233487914
-62.55761192369729
-74.29616128172655
-77.64041635981535
-71.5448142833316
-63.042955691932676
-57.54102303801723
-60.00353107953576
-71.16336964431197
-77.9881136871508
-73.7787357107131
-65.36762578627646
-58.497197438506205
-58.26528099602649
-67.63108919810843
-77.3621665862111
-75.69291783698385
-67.81747387805946
-59.98879873537798
-57.376945715191965
-64.19704552613491
-75.63779494779489
-77.13101325295146
-70.27623794880485
-61.89839224829417
-57.290989109179876
-61.26558962810205
-72.90908375829639
-77.911785217805
-72.62258244449069
-64.10972669881386
-57.91507145555306
-59.08264653311652
-69.52624730784201
-77.82714525830487
-74.72486775121156
-66.50741769455196
-59.13689189415081
-57.74453843464042
-65.9811656788384
-76.69126012072432
-76.43664778714692
-68.9761103124877
-60.83897620571783
-57.2416690513801
-62.741500447195165
-74.46769022223924
-77.59105618142618
-71.39779620461982
-62.90441862512739
-57.50171387880127
-60.14022949513556
-71.37617172416255
-77.99288031079327
-73.6469363414384
-65.2174396625742
-58.42051114564457
-58.34889269553044
-67.85395043444075
-77.43304125526123
-75.58547894905982
-67.66284311033564
-59.88209255942387
-57.40818527205549
-64.40043803056352
-75.77738121539758
-77.05834000692465
-70.12452616321778
-61.76897435673678
-57.274456749617585
-61.42863772506068
-73.10353142460188
-77.8860971220633
-72.48162417429928
-63.96483355676072
-57.85733058762885
-59.19471983786477
-69.74777508977616
-77.86174643623045
-74.60328277346431
-66.35424738640782
-59.04521826960047
-57.80322098308213
-66.19814781527211
-76.79494503062807
-76.34411186048561
-68.82191044806629
-60.72071938075991
-57.24978706133461
-62.92793871662183
-74.63575094455099
-77.53876327229015
-71.25010795863618
-62.76684885728203
-57.464982463486564
-60.28013603352424
-71.58727141449994
-77.99386789662141
-73.513928559684
-65.06777104402995
-58.345946138683544
-58.43585537315296
-68.07711213409135
-77.49956021210352
-75.47622795333425
-67.50827743237065
-59.777047939004134
-57.44259305508302
-64.60576740189028
-75.9128964002448
-76.9831565949297
-69.97240897432035
-61.64076364560703
-57.260731280536085
-61.594620195749265
-73.29526253321231
-77.85707833390236
-72.33975053296842
-63.82069668312195
-57.80195551258876
-59.31012038876146
-69.96855293277154
-77.89222830815065
-74.48021576918406
-66.2013835293544
-58.95544981887602
-57.86519910374257
-66.41626817251303
-76.89427124229991
-76.24945102197782
-68.6675586842137
-60.60391055028978
-57.26091920564565
-63.1168645161418
-74.80025740942635
-77.4835892301593
-71.10178138261217
-62.63027457390085
-57.4308565247229
-60.42322665252098
-71.79654383527327
-77.99112721743055
-73.37974774598916
-64.91864802608174
-58.273531266258715
-58.52617147193365
-68.30045504346486
-77.5617399398541
-75.36520493104595
-67.35380544319884
-59.67369345060378
-57.48018696944655
-64.81294903165575
-76.04428984891659
-76.90551025277021
-69.81991673519526
-61.513788397866115
-57.24983845781514
-61.76349388054475
-73.48416726187119
-77.82478264115537
-72.19699491110788
-63.677344192979945
-57.748974803197314
-59.42883812598785
-70.1884535909507
-77.91863083963511
-74.35570411697768
-66.04885433420884
-58.86761531679895
-57.930483642369964
-66.63542153432913
-76.9892259308583
-76.15270833415143
-68.5130842634634
-60.4885781286403
-57.275087840613466
-63.308212998095456
-74.96112737371345
-77.42558518732426
-70.95284812237361
-62.494723971129865
-57.39936362546893
-60.569475232593696
-72.00386518137041
-77.98470984390649
