loop -13.00000000 -65.00000000 0 0.000000
loop -13.01122000 -67.80500000 1 0.099998
loop -13.02933245 -69.58421286 2 0.199987
loop -13.05054083 -70.44875774 3 0.299955
loop -13.07257438 -70.76108965 4 0.399893
loop -13.09432650 -70.80090403 5 0.499792
loop -13.11530873 -70.71718989 6 0.599640
loop -13.13531644 -70.57846951 7 0.699428
loop -13.15426854 -70.41460751 8 0.799147
loop -13.17213687 -70.23842495 9 0.898785
loop -13.18891577 -70.05540881 10 0.998334
loop -13.20460899 -69.86788461 11 1.097783
loop -13.21922399 -69.67679493 12 1.197122
loop -13.23276936 -69.48246216 13 1.296341
loop -13.24525365 -69.28491920 14 1.395431
loop -13.25668479 -69.08405417 15 1.494381
loop -13.26706979 -68.87967357 16 1.593182
loop -13.27641451 -68.67152906 17 1.691823
loop -13.28472353 -68.45932721 18 1.790296
loop -13.29199998 -68.24273096 19 1.888589
loop -13.29824541 -68.02135643 20 1.986693
loop -13.30345957 -67.79476672 21 2.084599
loop -13.30764023 -67.56246299 22 2.182296
loop -13.31078291 -67.32387286 23 2.279775
loop -13.31288060 -67.07833557 24 2.377026
loop -13.31392332 -66.82508292 25 2.474040
loop -13.31389771 -66.56321493 26 2.570806
loop -13.31278643 -66.29166811 27 2.667314
loop -13.31056740 -66.00917391 28 2.763556
loop -13.30721286 -65.71420331 29 2.859522
loop -13.30268817 -65.40489205 30 2.955202
loop -13.29695016 -65.07893782 31 3.050586
loop -13.28994498 -64.73345622 32 3.145666
loop -13.28160518 -64.36477491 33 3.240430
loop -13.27184561 -63.96813222 34 3.334871
loop -13.26055759 -63.53722394 35 3.428978
loop -13.24760044 -63.06350121 36 3.522742
loop -13.23278861 -62.53504383 37 3.616154
loop -13.21587155 -61.93467764 38 3.709205
loop -13.19650082 -61.23667481 39 3.801884
loop -13.17417332 -60.40062961 40 3.894183
loop -13.14812693 -59.35926915 41 3.986093
loop -13.11713230 -57.99197827 42 4.077605
loop -13.07903140 -56.06043634 43 4.168708
loop -13.02955704 -53.02656516 44 4.259395
loop -12.95862044 -47.41363538 45 4.349655
loop -12.83412345 -33.66885437 46 4.439481
loop -12.47248121 26.23994083 47 4.528863
spike at 48
loop -4.61971935 -65.00000000 48 4.617792
loop -4.81210779 -71.19570817 49 4.706259
loop -5.01262289 -74.18931467 50 4.794255
loop -5.21210454 -74.93352512 51 4.881772
loop -5.40751365 -74.91280049 52 4.968801
loop -5.59814262 -74.69481218 53 5.055333
loop -5.78389191 -74.42803365 54 5.141360
loop -5.96480764 -74.14839300 55 5.226872
loop -6.14096994 -73.86461390 56 5.311862
loop -6.31246573 -73.57879627 57 5.396320
loop -6.47938188 -73.29136558 58 5.480239
loop -6.64180343 -73.00229877 59 5.563610
loop -6.79981312 -72.71143852 60 5.646425
loop -6.95349116 -72.41857560 61 5.728675
loop -7.10291522 -72.12346980 62 5.810352
loop -7.24816033 -71.82585370 63 5.891448
loop -7.38929884 -71.52543096 64 5.971954
loop -7.52640036 -71.22187264 65 6.051864
loop -7.65953160 -70.91481207 66 6.131169
loop -7.78875632 -70.60383862 67 6.209860
loop -7.91413515 -70.28848991 68 6.287930
loop -8.03572542 -69.96824230 69 6.365372
loop -8.15358091 -69.64249916 70 6.442177
loop -8.26775159 -69.31057609 71 6.518338
loop -8.37828329 -68.97168238 72 6.593847
loop -8.48521722 -68.62489738 73 6.668696
loop -8.58858943 -68.26914003 74 6.742879
loop -8.68843016 -67.90312904 75 6.816388
loop -8.78476288 -67.52533031 76 6.889214
loop -8.87760317 -67.13388627 77 6.961352
loop -8.96695718 -66.72651942 78 7.032794
loop -9.05281963 -66.30039818 79 7.103533
loop -9.13517102 -65.85194657 80 7.173561
loop -9.21397387 -65.37656779 81 7.242872
loop -9.28916732 -64.86823234 82 7.311458
loop -9.36065936 -64.31884590 83 7.379314
loop -9.42831516 -63.71724591 84 7.446431
loop -9.49193903 -63.04754493 85 7.512804
loop -9.55124532 -62.28626666 86 7.578426
loop -9.60580887 -61.39711512 87 7.643289
loop -9.65497575 -60.32076274 88 7.707389
loop -9.69768901 -58.95319330 89 7.770717
loop -9.73211383 -57.09465013 90 7.833269
loop -9.75471616 -54.31115320 91 7.895037
loop -9.75753085 -49.47725149 92 7.956016
loop -9.71734787 -38.74191054 93 8.016199
loop -9.52441157 -0.35266372 94 8.075581
spike at 95
loop -5.45142354 -65.00000000 95 8.134155
loop -5.61145328 -67.26455319 96 8.191916
loop -5.77380300 -68.64469511 97 8.248857
loop -5.93541114 -69.27105215 98 8.304974
loop -6.09439424 -69.42282957 99 8.360260
loop -6.24977806 -69.31792570 100 8.414710
loop -6.40110666 -69.08104048 101 8.468318
loop -6.54818413 -68.77490071 102 8.521080
loop -6.69093789 -68.42936036 103 8.572990
loop -6.82935149 -68.05808984 104 8.624042
loop -6.96343185 -67.66684742 105 8.674232
loop -7.09319267 -67.25736504 106 8.723555
loop -7.21864528 -66.82911664 107 8.772005
loop -7.33979264 -66.38006566 108 8.819578
loop -7.45662434 -65.90688834 109 8.866269
loop -7.56911137 -65.40487807 110 8.912074
loop -7.67719948 -64.86758435 111 8.956987
loop -7.78080004 -64.28613799 112 9.001004
loop -7.87977646 -63.64810398 113 9.044122
loop -7.97392303 -62.93552481 114 9.086335
loop -8.06293040 -62.12145903 115 9.127639
loop -8.14632586 -61.16351579 116 9.168031
loop -8.22336294 -59.99090129 117 9.207506
loop -8.29279989 -58.47605097 118 9.246060
loop -8.35240350 -56.36490196 119 9.283690
loop -8.39766187 -53.07660927 120 9.320391
loop -8.41764630 -46.98441902 121 9.356160
loop -8.37628687 -31.74837247 122 9.390994
spike at 123
loop -6.05062999 -65.00000000 123 9.424888
loop -6.19160492 -65.49688249 124 9.457840
loop -6.33066654 -65.72343113 125 9.489846
loop -6.46699882 -65.73640312 126 9.520903
loop -6.60001709 -65.58955981 127 9.551009
loop -6.72931193 -65.32379605 128 9.580159
loop -6.85458980 -64.96602835 129 9.608351
loop -6.97562319 -64.53129518 130 9.635582
loop -7.09221088 -64.02503847 131 9.661850
loop -7.20414417 -63.44437750 132 9.687151
loop -7.31117290 -62.77790323 133 9.711484
loop -7.41296328 -62.00346008 134 9.734845
loop -7.50903464 -61.08265608 135 9.757234
loop -7.59864969 -59.94893457 136 9.778646
loop -7.68060028 -58.48089628 137 9.799081
loop -7.75273512 -56.43671291 138 9.818535
loop -7.81074995 -53.26738278 139 9.837008
loop -7.84436184 -47.45672108 140 9.854497
loop -7.82045525 -33.24516112 141 9.871001
loop -7.54537719 29.66723857 142 9.886518
spike at 143
loop 0.92748848 -65.00000000 143 9.901046
loop 0.62322565 -71.42826624 144 9.914583
loop 0.31294483 -74.45407680 145 9.927130
loop 0.00608692 -75.14975209 146 9.938684
loop -0.29438495 -75.08753239 147 9.949243
loop -0.58785310 -74.83896284 148 9.958808
loop -0.87428393 -74.54697369 149 9.967378
loop -1.15377808 -74.24495730 150 9.974950
loop -1.42646579 -73.94081734 151 9.981525
loop -1.69248224 -73.63644085 152 9.987101
loop -1.95196153 -73.33223503 153 9.991679
loop -2.20503519 -73.02822250 154 9.995258
loop -2.45183175 -72.72431638 155 9.997838
loop -2.69247669 -72.42039178 156 9.999417
loop -2.92709237 -72.11630440 157 9.999997
loop -3.15579810 -71.81189459 158 9.999576
loop -3.37871009 -71.50698732 159 9.998156
loop -3.59594145 -71.20139051 160 9.995736
loop -3.80760219 -70.89489274 161 9.992316
loop -4.01379919 -70.58726027 162 9.987897
loop -4.21463614 -70.27823355 163 9.982480
loop -4.41021351 -69.96752295 164 9.976064
loop -4.60062845 -69.65480355 165 9.968650
loop -4.78597472 -69.33970894 166 9.960240
loop -4.96634252 -69.02182342 167 9.950833
loop -5.14181836 -68.70067253 168 9.940432
loop -5.31248484 -68.37571117 169 9.929037
loop -5.47842037 -68.04630861 170 9.916648
loop -5.63969888 -67.71172956 171 9.903268
loop -5.79638935 -67.37110973 172 9.888898
loop -5.94855525 -67.02342417 173 9.873538
loop -6.09625393 -66.66744554 174 9.857192
loop -6.23953561 -66.30168847 175 9.839859
loop -6.37844223 -65.92433407 176 9.821543
loop -6.51300589 -65.53312603 177 9.802245
loop -6.64324667 -65.12522448 178 9.781966
loop -6.76916972 -64.69699660 179 9.760709
loop -6.89076117 -64.24370890 180 9.738476
loop -7.00798220 -63.75906332 181 9.715270
loop -7.12076045 -63.23447574 182 9.691091
loop -7.22897690 -62.65791416 183 9.665944
loop -7.33244516 -62.01194981 184 9.639830
loop -7.43087756 -61.27032615 185 9.612752
loop -7.52382625 -60.39155948 186 9.584713
loop -7.61057423 -59.30612727 187 9.555715
loop -7.68991652 -57.88844145 188 9.525762
loop -7.75967053 -55.88808578 189 9.494856
loop -7.81540864 -52.73288003 190 9.463001
loop -7.84640038 -46.82497796 191 9.430199
loop -7.81738431 -31.97798556 192 9.396455
spike at 193
loop -5.51346872 -65.00000000 193 9.361771
loop -5.66744814 -66.06219728 194 9.326150
loop -5.82111868 -66.75487556 195 9.289597
loop -5.97323156 -67.13381329 196 9.252115
loop -6.12290323 -67.28407771 197 9.213708
loop -6.26957386 -67.28217204 198 9.174380
loop -6.41291755 -67.18379112 199 9.134134
loop -6.55276089 -67.02542434 200 9.092974
loop -6.68902460 -66.82973114 201 9.050906
loop -6.82168577 -66.61041533 202 9.007932
loop -6.95075465 -66.37564998 203 8.964057
loop -7.07626056 -66.13024903 204 8.919287
loop -7.19824327 -65.87698087 205 8.873624
loop -7.31674778 -65.61734526 206 8.827074
loop -7.43182093 -65.35202636 207 8.779641
loop -7.54350912 -65.08115186 208 8.731330
loop -7.65185668 -64.80443425 209 8.682146
loop -7.75690449 -64.52123730 210 8.632094
loop -7.85868877 -64.23059088 211 8.581178
loop -7.95723965 -63.93116463 212 8.529405
loop -8.05257966 -63.62120206 213 8.476778
loop -8.14472171 -63.29840881 214 8.423304
loop -8.23366639 -62.95977994 215 8.368988
loop -8.31939842 -62.60133835 216 8.313835
loop -8.40188139 -62.21773619 217 8.257850
loop -8.48105030 -61.80163441 218 8.201039
loop -8.55680013 -61.34270873 219 8.143409
loop -8.62896812 -60.82599732 220 8.084964
loop -8.69730487 -60.22902944 221 8.025711
loop -8.76142502 -59.51656056 222 7.965655
loop -8.82071757 -58.63026293 223 7.904802
loop -8.87417047 -57.46681387 224 7.843159
loop -8.91999169 -55.82615648 225 7.780732
loop -8.95467563 -53.27094424 226 7.717527
loop -8.97022855 -48.66160662 227 7.653550
loop -8.94315025 -38.08156755 228 7.588807
loop -8.76129477 0.74811905 229 7.523306
spike at 230
loop -4.62076480 -65.00000000 230 7.457052
loop -4.80294613 -68.64915632 231 7.390053
loop -4.99028067 -70.84836711 232 7.322314
loop -5.17767270 -71.79940990 233 7.253844
loop -5.36248427 -72.09125705 234 7.184648
loop -5.54367454 -72.10998731 235 7.114734
loop -5.72090965 -72.02714956 236 7.044108
loop -5.89412794 -71.90912138 237 6.972777
loop -6.06336775 -71.78059279 238 6.900750
loop -6.22870335 -71.65073903 239 6.828032
loop -6.39022138 -71.52302313 240 6.754632
loop -6.54801210 -71.39878833 241 6.680556
loop -6.70216618 -71.27857943 242 6.605812
loop -6.85277340 -71.16263494 243 6.530408
loop -6.99992222 -71.05107315 244 6.454350
loop -7.14369963 -70.94396347 245 6.377647
loop -7.28419105 -70.84135416 246 6.300306
loop -7.42148036 -70.74328308 247 6.222336
loop -7.55564988 -70.64978186 248 6.143743
loop -7.68678040 -70.56087731 249 6.064535
loop -7.81495116 -70.47659186 250 5.984721
loop -7.94023991 -70.39694349 251 5.904309
loop -8.06272289 -70.32194548 252 5.823306
loop -8.18247486 -70.25160615 253 5.741721
loop -8.29956907 -70.18592851 254 5.659562
loop -8.41407733 -70.12490997 255 5.576837
loop -8.52606995 -70.06854206 256 5.493554
loop -8.63561580 -70.01681018 257 5.409722
loop -8.74278225 -69.96969335 258 5.325349
loop -8.84763526 -69.92716409 259 5.240443
loop -8.95023931 -69.88918826 260 5.155014
loop -9.05065743 -69.85572497 261 5.069069
loop -9.14895118 -69.82672659 262 4.982616
loop -9.24518072 -69.80213879 263 4.895666
loop -9.33940470 -69.78190059 264 4.808226
loop -9.43168039 -69.76594458 265 4.720305
loop -9.52206357 -69.75419705 266 4.631913
loop -9.61060861 -69.74657831 267 4.543057
loop -9.69736845 -69.74300302 268 4.453746
loop -9.78239460 -69.74338047 269 4.363991
loop -9.86573717 -69.74761509 270 4.273799
loop -9.94744485 -69.75560683 271 4.183179
loop -10.02756496 -69.76725163 272 4.092142
loop -10.10614343 -69.78244196 273 4.000695
loop -10.18322483 -69.80106730 274 3.908848
loop -10.25885240 -69.82301469 275 3.816610
loop -10.33306802 -69.84816921 276 3.723990
loop -10.40591232 -69.87641455 277 3.630998
loop -10.47742461 -69.90763349 278 3.537643
loop -10.54764295 -69.94170839 279 3.443935
loop -10.61660418 -69.97852168 280 3.349882
loop -10.68434392 -70.01795628 281 3.255493
loop -10.75089663 -70.05989602 282 3.160780
loop -10.81629560 -70.10422601 283 3.065750
loop -10.88057302 -70.15083303 284 2.970414
loop -10.94375998 -70.19960575 285 2.874780
loop -11.00588652 -70.25043509 286 2.778859
loop -11.06698165 -70.30321439 287 2.682661
loop -11.12707337 -70.35783966 288 2.586193
loop -11.18618875 -70.41420969 289 2.489468
loop -11.24435388 -70.47222625 290 2.392493
loop -11.30159397 -70.53179413 291 2.295279
loop -11.35793338 -70.59282124 292 2.197836
loop -11.41339559 -70.65521867 293 2.100173
loop -11.46800328 -70.71890068 294 2.002300
loop -11.52177835 -70.78378475 295 1.904226
loop -11.57474195 -70.84979151 296 1.805963
loop -11.62691449 -70.91684477 297 1.707518
loop -11.67831569 -70.98487142 298 1.608903
loop -11.72896458 -71.05380140 299 1.510127
loop -11.77887956 -71.12356761 300 1.411200
loop -11.82807839 -71.19410589 301 1.312132
loop -11.87657824 -71.26535487 302 1.212933
loop -11.92439570 -71.33725591 303 1.113612
loop -11.97154680 -71.40975304 304 1.014180
loop -12.01804703 -71.48279281 305 0.914646
loop -12.06391139 -71.55632424 306 0.815022
loop -12.10915436 -71.63029870 307 0.715315
loop -12.15378995 -71.70466984 308 0.615537
loop -12.19783172 -71.77939346 309 0.515698
loop -12.24129280 -71.85442745 310 0.415807
loop -12.28418587 -71.92973168 311 0.315874
loop -12.32652322 -72.00526792 312 0.215910
loop -12.36831676 -72.08099975 313 0.115924
loop -12.40957799 -72.15689246 314 0.015927
loop -12.45031809 -72.23291302 315 -0.084072
loop -12.49054784 -72.30902992 316 -0.184063
loop -12.53027774 -72.38521316 317 -0.284035
loop -12.56951792 -72.46143417 318 -0.383979
loop -12.60827823 -72.53766571 319 -0.483884
loop -12.64656819 -72.61388182 320 -0.583741
loop -12.68439706 -72.69005777 321 -0.683540
loop -12.72177379 -72.76616996 322 -0.783270
loop -12.75870710 -72.84219592 323 -0.882922
loop -12.79520542 -72.91811420 324 -0.982486
loop -12.83127693 -72.99390434 325 -1.081951
loop -12.86692957 -73.06954684 326 -1.181309
loop -12.90217108 -73.14502305 327 -1.280548
loop -12.93700891 -73.22031521 328 -1.379659
loop -12.97145036 -73.29540635 329 -1.478632
loop -13.00550248 -73.37028024 330 -1.577457
loop -13.03917211 -73.44492142 331 -1.676124
loop -13.07246593 -73.51931506 332 -1.774624
loop -13.10539040 -73.59344703 333 -1.872947
loop -13.13795181 -73.66730380 334 -1.971082
loop -13.17015626 -73.74087244 335 -2.069020
loop -13.20200970 -73.81414055 336 -2.166751
loop -13.23351789 -73.88709630 337 -2.264265
loop -13.26468644 -73.95972833 338 -2.361553
loop -13.29552082 -74.03202579 339 -2.458605
loop -13.32602631 -74.10397826 340 -2.555411
loop -13.35620809 -74.17557577 341 -2.651961
loop -13.38607116 -74.24680874 342 -2.748247
loop -13.41562041 -74.31766802 343 -2.844257
loop -13.44486058 -74.38814480 344 -2.939983
loop -13.47379630 -74.45823063 345 -3.035415
loop -13.50243204 -74.52791740 346 -3.130544
loop -13.53077219 -74.59719733 347 -3.225359
loop -13.55882100 -74.66606292 348 -3.319852
loop -13.58658260 -74.73450699 349 -3.414013
loop -13.61406104 -74.80252263 350 -3.507832
loop -13.64126023 -74.87010317 351 -3.601301
loop -13.66818400 -74.93724223 352 -3.694410
loop -13.69483605 -75.00393363 353 -3.787149
loop -13.72122002 -75.07017145 354 -3.879509
loop -13.74733942 -75.13594997 355 -3.971482
loop -13.77319768 -75.20126369 356 -4.063057
loop -13.79879816 -75.26610729 357 -4.154226
loop -13.82414410 -75.33047566 358 -4.244980
loop -13.84923867 -75.39436385 359 -4.335309
loop -13.87408497 -75.45776711 360 -4.425204
loop -13.89868599 -75.52068082 361 -4.514658
loop -13.92304467 -75.58310055 362 -4.603659
loop -13.94716387 -75.64502200 363 -4.692200
loop -13.97104635 -75.70644101 364 -4.780272
loop -13.99469484 -75.76735358 365 -4.867866
loop -14.01811197 -75.82775582 366 -4.954974
loop -14.04130030 -75.88764398 367 -5.041585
loop -14.06426236 -75.94701442 368 -5.127693
loop -14.08700056 -76.00586361 369 -5.213288
loop -14.10951730 -76.06418816 370 -5.298361
loop -14.13181490 -76.12198474 371 -5.382905
loop -14.15389560 -76.17925016 372 -5.466910
loop -14.17576161 -76.23598132 373 -5.550369
loop -14.19741508 -76.29217518 374 -5.633273
loop -14.21885810 -76.34782884 375 -5.715613
loop -14.24009269 -76.40293945 376 -5.797382
loop -14.26112085 -76.45750425 377 -5.878571
loop -14.28194452 -76.51152056 378 -5.959172
loop -14.30256557 -76.56498577 379 -6.039178
loop -14.32298585 -76.61789736 380 -6.118579
loop -14.34320715 -76.67025287 381 -6.197368
loop -14.36323120 -76.72204989 382 -6.275538
loop -14.38305972 -76.77328609 383 -6.353080
loop -14.40269436 -76.82395921 384 -6.429987
loop -14.42213675 -76.87406704 385 -6.506251
loop -14.44138844 -76.92360742 386 -6.581865
loop -14.46045098 -76.97257825 387 -6.656820
loop -14.47932587 -77.02097750 388 -6.731109
loop -14.49801457 -77.06880316 389 -6.804726
loop -14.51651849 -77.11605328 390 -6.877662
loop -14.53483903 -77.16272598 391 -6.949910
loop -14.55297752 -77.20881940 392 -7.021463
loop -14.57093530 -77.25433172 393 -7.092314
loop -14.58871364 -77.29926119 394 -7.162456
loop -14.60631379 -77.34360608 395 -7.231881
loop -14.62373697 -77.38736470 396 -7.300584
loop -14.64098437 -77.43053540 397 -7.368556
loop -14.65805715 -77.47311658 398 -7.435791
loop -14.67495644 -77.51510664 399 -7.502283
loop -14.69168332 -77.55650406 400 -7.568025
loop -14.70823889 -77.59730733 401 -7.633010
loop -14.72462417 -77.63751496 402 -7.697231
loop -14.74084019 -77.67712551 403 -7.760683
loop -14.75688793 -77.71613757 404 -7.823359
loop -14.77276837 -77.75454974 405 -7.885253
loop -14.78848245 -77.79236067 406 -7.946357
loop -14.80403108 -77.82956902 407 -8.006668
loop -14.81941515 -77.86617349 408 -8.066177
loop -14.83463554 -77.90217280 409 -8.124881
loop -14.84969309 -77.93756569 410 -8.182771
loop -14.86458863 -77.97235092 411 -8.239843
loop -14.87932297 -78.00652729 412 -8.296092
loop -14.89389688 -78.04009362 413 -8.351510
loop -14.90831114 -78.07304872 414 -8.406094
loop -14.92256648 -78.10539147 415 -8.459837
loop -14.93666364 -78.13712073 416 -8.512734
loop -14.95060331 -78.16823540 417 -8.564780
loop -14.96438618 -78.19873439 418 -8.615969
loop -14.97801292 -78.22861664 419 -8.666297
loop -14.99148419 -78.25788111 420 -8.715758
loop -15.00480061 -78.28652675 421 -8.764347
loop -15.01796281 -78.31455255 422 -8.812060
loop -15.03097138 -78.34195752 423 -8.858892
loop -15.04382692 -78.36874067 424 -8.904838
loop -15.05652998 -78.39490104 425 -8.949894
loop -15.06908113 -78.42043768 426 -8.994054
loop -15.08148091 -78.44534965 427 -9.037315
loop -15.09372984 -78.46963603 428 -9.079673
loop -15.10582842 -78.49329591 429 -9.121122
loop -15.11777717 -78.51632839 430 -9.161659
loop -15.12957655 -78.53873260 431 -9.201281
loop -15.14122705 -78.56050767 432 -9.239982
loop -15.15272912 -78.58165273 433 -9.277759
loop -15.16408321 -78.60216695 434 -9.314608
loop -15.17528974 -78.62204950 435 -9.350526
loop -15.18634915 -78.64129954 436 -9.385509
loop -15.19726183 -78.65991628 437 -9.419553
loop -15.20802819 -78.67789890 438 -9.452655
loop -15.21864861 -78.69524663 439 -9.484812
loop -15.22912347 -78.71195869 440 -9.516021
loop -15.23945314 -78.72803429 441 -9.546278
loop -15.24963797 -78.74347269 442 -9.575580
loop -15.25967830 -78.75827313 443 -9.603925
loop -15.26957448 -78.77243488 444 -9.631309
loop -15.27932681 -78.78595719 445 -9.657731
loop -15.28893564 -78.79883934 446 -9.683186
loop -15.29840125 -78.81108062 447 -9.707673
loop -15.30772394 -78.82268031 448 -9.731190
loop -15.31690401 -78.83363771 449 -9.753733
loop -15.32594174 -78.84395214 450 -9.775301
loop -15.33483740 -78.85362289 451 -9.795892
loop -15.34359125 -78.86264930 452 -9.815503
loop -15.35220355 -78.87103068 453 -9.834132
loop -15.36067454 -78.87876637 454 -9.851778
loop -15.36900447 -78.88585570 455 -9.868439
loop -15.37719357 -78.89229802 456 -9.884113
loop -15.38524207 -78.89809267 457 -9.898798
loop -15.39315019 -78.90323901 458 -9.912494
loop -15.40091813 -78.90773640 459 -9.925198
loop -15.40854610 -78.91158419 460 -9.936910
loop -15.41603431 -78.91478177 461 -9.947628
loop -15.42338294 -78.91732848 462 -9.957352
loop -15.43059217 -78.91922372 463 -9.966079
loop -15.43766220 -78.92046686 464 -9.973811
loop -15.44459318 -78.92105728 465 -9.980544
loop -15.45138530 -78.92099436 466 -9.986280
loop -15.45803870 -78.92027750 467 -9.991017
loop -15.46455355 -78.91890608 468 -9.994755
loop -15.47093000 -78.91687948 469 -9.997494
loop -15.47716819 -78.91419712 470 -9.999233
loop -15.48326826 -78.91085837 471 -9.999971
loop -15.48923034 -78.90686264 472 -9.999710
loop -15.49505457 -78.90220932 473 -9.998449
loop -15.50074107 -78.89689780 474 -9.996188
loop -15.50628996 -78.89092750 475 -9.992928
loop -15.51170135 -78.88429780 476 -9.988668
loop -15.51697536 -78.87700810 477 -9.983409
loop -15.52211208 -78.86905779 478 -9.977152
loop -15.52711162 -78.86044628 479 -9.969898
loop -15.53197408 -78.85117295 480 -9.961646
loop -15.53669955 -78.84123720 481 -9.952398
loop -15.54128811 -78.83063842 482 -9.942155
loop -15.54573986 -78.81937599 483 -9.930918
loop -15.55005486 -78.80744930 484 -9.918688
loop -15.55423319 -78.79485773 485 -9.905465
loop -15.55827493 -78.78160067 486 -9.891253
loop -15.56218014 -78.76767747 487 -9.876051
loop -15.56594889 -78.75308751 488 -9.859861
loop -15.56958123 -78.73783017 489 -9.842686
loop -15.57307722 -78.72190478 490 -9.824526
loop -15.57643692 -78.70531072 491 -9.805384
loop -15.57966037 -78.68804732 492 -9.785261
loop -15.58274762 -78.67011392 493 -9.764160
loop -15.58569871 -78.65150987 494 -9.742082
loop -15.58851367 -78.63223448 495 -9.719031
loop -15.59119255 -78.61228708 496 -9.695007
loop -15.59373536 -78.59166696 497 -9.670014
loop -15.59614215 -78.57037344 498 -9.644054
loop -15.59841293 -78.54840580 499 -9.617129
loop -15.60054773 -78.52576333 500 -9.589243
loop -15.60254655 -78.50244528 501 -9.560398
loop -15.60440943 -78.47845092 502 -9.530596
loop -15.60613635 -78.45377950 503 -9.499842
loop -15.60772735 -78.42843024 504 -9.468138
loop -15.60918241 -78.40240236 505 -9.435487
loop -15.61050154 -78.37569508 506 -9.401892
loop -15.61168474 -78.34830758 507 -9.367357
loop -15.61273200 -78.32023903 508 -9.331886
loop -15.61364332 -78.29148860 509 -9.295481
loop -15.61441867 -78.26205542 510 -9.258147
loop -15.61505805 -78.23193862 511 -9.219887
loop -15.61556144 -78.20113731 512 -9.180705
loop -15.61592882 -78.16965057 513 -9.140605
loop -15.61616015 -78.13747747 514 -9.099591
loop -15.61625541 -78.10461705 515 -9.057666
loop -15.61621458 -78.07106834 516 -9.014837
loop -15.61603761 -78.03683033 517 -8.971105
loop -15.61572447 -78.00190200 518 -8.926477
loop -15.61527511 -77.96628230 519 -8.880956
loop -15.61468948 -77.92997016 520 -8.834547
loop -15.61396755 -77.89296447 521 -8.787254
loop -15.61310926 -77.85526410 522 -8.739083
loop -15.61211454 -77.81686789 523 -8.690037
loop -15.61098335 -77.77777465 524 -8.640123
loop -15.60971562 -77.73798316 525 -8.589345
loop -15.60831127 -77.69749216 526 -8.537708
loop -15.60677025 -77.65630036 527 -8.485217
loop -15.60509247 -77.61440644 528 -8.431877
loop -15.60327786 -77.57180902 529 -8.377695
loop -15.60132633 -77.52850671 530 -8.322674
loop -15.59923779 -77.48449807 531 -8.266822
loop -15.59701216 -77.43978160 532 -8.210142
loop -15.59464934 -77.39435578 533 -8.152642
loop -15.59214923 -77.34821904 534 -8.094327
loop -15.58951173 -77.30136975 535 -8.035202
loop -15.58673672 -77.25380625 536 -7.975273
loop -15.58382409 -77.20552681 537 -7.914547
loop -15.58077373 -77.15652966 538 -7.853030
loop -15.57758550 -77.10681296 539 -7.790727
loop -15.57425929 -77.05637484 540 -7.727645
loop -15.57079496 -77.00521334 541 -7.663790
loop -15.56719237 -76.95332646 542 -7.599169
loop -15.56345137 -76.90071213 543 -7.533788
loop -15.55957181 -76.84736820 544 -7.467654
loop -15.55555355 -76.79329247 545 -7.400773
loop -15.55139641 -76.73848265 546 -7.333152
loop -15.54710022 -76.68293640 547 -7.264798
loop -15.54266483 -76.62665127 548 -7.195717
loop -15.53809003 -76.56962476 549 -7.125916
loop -15.53337564 -76.51185425 550 -7.055403
loop -15.52852148 -76.45333707 551 -6.984185
loop -15.52352733 -76.39407043 552 -6.912268
loop -15.51839299 -76.33405146 553 -6.839660
loop -15.51311824 -76.27327718 554 -6.766367
loop -15.50770285 -76.21174452 555 -6.692399
loop -15.50214660 -76.14945030 556 -6.617761
loop -15.49644923 -76.08639121 557 -6.542461
loop -15.49061050 -76.02256384 558 -6.466507
loop -15.48463015 -75.95796466 559 -6.389906
loop -15.47850791 -75.89259001 560 -6.312666
loop -15.47224349 -75.82643610 561 -6.234795
loop -15.46583662 -75.75949899 562 -6.156301
loop -15.45928699 -75.69177461 563 -6.077191
loop -15.45259428 -75.62325874 564 -5.997473
loop -15.44575818 -75.55394700 565 -5.917156
loop -15.43877836 -75.48383484 566 -5.836247
loop -15.43165446 -75.41291755 567 -5.754754
loop -15.42438613 -75.34119024 568 -5.672686
loop -15.41697300 -75.26864784 569 -5.590050
loop -15.40941468 -75.19528508 570 -5.506855
loop -15.40171077 -75.12109648 571 -5.423110
loop -15.39386086 -75.04607635 572 -5.338823
loop -15.38586452 -74.97021880 573 -5.254001
loop -15.37772130 -74.89351768 574 -5.168654
loop -15.36943074 -74.81596660 575 -5.082791
loop -15.36099236 -74.73755894 576 -4.996419
loop -15.35240567 -74.65828778 577 -4.909547
loop -15.34367014 -74.57814595 578 -4.822185
loop -15.33478524 -74.49712596 579 -4.734340
loop -15.32575041 -74.41522003 580 -4.646022
loop -15.31656509 -74.33242005 581 -4.557239
loop -15.30722866 -74.24871757 582 -4.468001
loop -15.29774050 -74.16410378 583 -4.378315
loop -15.28809997 -74.07856951 584 -4.288192
loop -15.27830639 -73.99210516 585 -4.197640
loop -15.26835906 -73.90470075 586 -4.106668
loop -15.25825726 -73.81634585 587 -4.015286
loop -15.24800024 -73.72702957 588 -3.923502
loop -15.23758719 -73.63674051 589 -3.831326
loop -15.22701732 -73.54546678 590 -3.738767
loop -15.21628975 -73.45319595 591 -3.645833
loop -15.20540362 -73.35991500 592 -3.552536
loop -15.19435799 -73.26561031 593 -3.458883
loop -15.18315190 -73.17026761 594 -3.364884
loop -15.17178435 -73.07387196 595 -3.270548
loop -15.16025429 -72.97640769 596 -3.175886
loop -15.14856064 -72.87785837 597 -3.080906
loop -15.13670225 -72.77820674 598 -2.985617
loop -15.12467795 -72.67743471 599 -2.890031
loop -15.11248648 -72.57552322 600 -2.794155
loop -15.10012656 -72.47245228 601 -2.698000
loop -15.08759683 -72.36820082 602 -2.601575
loop -15.07489588 -72.26274667 603 -2.504890
loop -15.06202223 -72.15606647 604 -2.407954
loop -15.04897433 -72.04813559 605 -2.310778
loop -15.03575056 -71.93892802 606 -2.213370
loop -15.02234921 -71.82841630 607 -2.115742
loop -15.00876851 -71.71657141 608 -2.017901
loop -14.99500659 -71.60336262 609 -1.919859
loop -14.98106149 -71.48875743 610 -1.821625
loop -14.96693114 -71.37272133 611 -1.723209
loop -14.95261339 -71.25521776 612 -1.624620
loop -14.93810596 -71.13620783 613 -1.525869
loop -14.92340644 -71.01565022 614 -1.426965
loop -14.90851231 -70.89350093 615 -1.327919
loop -14.89342092 -70.76971305 616 -1.228740
loop -14.87812945 -70.64423651 617 -1.129438
loop -14.86263493 -70.51701781 618 -1.030023
loop -14.84693423 -70.38799969 619 -0.930505
loop -14.83102403 -70.25712077 620 -0.830894
loop -14.81490081 -70.12431518 621 -0.731200
loop -14.79856084 -69.98951209 622 -0.631433
loop -14.78200016 -69.85263520 623 -0.531602
loop -14.76521457 -69.71360221 624 -0.431719
loop -14.74819957 -69.57232414 625 -0.331792
loop -14.73095040 -69.42870461 626 -0.231832
loop -14.71346195 -69.28263903 627 -0.131849
loop -14.69572876 -69.13401359 628 -0.031853
loop -14.67774501 -68.98270420 629 0.068146
loop -14.65950441 -68.82857520 630 0.168139
loop -14.64100023 -68.67147792 631 0.268115
loop -14.62222522 -68.51124890 632 0.368064
loop -14.60317155 -68.34770796 633 0.467976
loop -14.58383074 -68.18065579 634 0.567841
loop -14.56419361 -68.00987117 635 0.667650
loop -14.54425017 -67.83510769 636 0.767392
loop -14.52398953 -67.65608977 637 0.867057
loop -14.50339977 -67.47250788 638 0.966635
loop -14.48246782 -67.28401285 639 1.066117
loop -14.46117930 -67.09020876 640 1.165492
loop -14.43951829 -66.89064436 641 1.264751
loop -14.41746714 -66.68480236 642 1.363883
loop -14.39500614 -66.47208607 643 1.462878
loop -14.37211322 -66.25180249 644 1.561728
loop -14.34876352 -66.02314087 645 1.660421
loop -14.32492883 -65.78514486 646 1.758948
loop -14.30057696 -65.53667641 647 1.857300
loop -14.27567089 -65.27636778 648 1.955465
loop -14.25016770 -65.00255728 649 2.053435
loop -14.22401716 -64.71320153 650 2.151200
loop -14.19715983 -64.40575365 651 2.248749
loop -14.16952459 -64.07699075 652 2.346074
loop -14.14102516 -63.72276399 653 2.443164
loop -14.11155517 -63.33762761 654 2.540010
loop -14.08098115 -62.91427210 655 2.636602
loop -14.04913205 -62.44262977 656 2.732930
loop -14.01578304 -61.90840933 657 2.828985
loop -13.98062973 -61.29058652 658 2.924757
loop -13.94324464 -60.55687675 659 3.020236
loop -13.90299988 -59.65503293 660 3.115414
loop -13.85891892 -58.49475818 661 3.210280
loop -13.80936529 -56.90618712 662 3.304824
loop -13.75130308 -54.53127430 663 3.399039
loop -13.67821070 -50.48342168 664 3.492913
loop -13.57245691 -41.95260649 665 3.586439
loop -13.36204282 -15.25876097 666 3.679605
spike at 667
loop -10.29300548 -65.00000000 667 3.772404
loop -10.35442196 -66.81914805 668 3.864825
loop -10.41927147 -67.98448569 669 3.956860
loop -10.48520346 -68.57935454 670 4.048499
loop -10.55065176 -68.78809441 671 4.139734
loop -10.61471420 -68.76886698 672 4.230554
loop -10.67690982 -68.62247636 673 4.320951
loop -10.73699241 -68.40519651 674 4.410917
loop -10.79483889 -68.14658159 675 4.500441
loop -10.85038868 -67.86164241 676 4.589515
loop -10.90361175 -67.55771006 677 4.678130
loop -10.95449162 -67.23802665 678 4.766277
loop -11.00301603 -66.90356254 679 4.853948
loop -11.04917135 -66.55390955 680 4.941134
loop -11.09293868 -66.18768920 681 5.027825
loop -11.13429067 -65.80269129 682 5.114013
loop -11.17318822 -65.39584011 683 5.199690
loop -11.20957654 -64.96301983 684 5.284847
loop -11.24337998 -64.49874486 685 5.369476
loop -11.27449485 -63.99561686 686 5.453568
loop -11.30277874 -63.44344539 687 5.537114
loop -11.32803434 -62.82779525 688 5.620107
loop -11.34998363 -62.12749428 689 5.702537
loop -11.36822451 -61.31013783 690 5.784398
loop -11.38215385 -60.32345639 691 5.865680
loop -11.39082035 -59.07739516 692 5.946375
loop -11.39261608 -57.40303358 693 6.026476
loop -11.38454491 -54.94528923 694 6.105974
loop -11.36016352 -50.82737516 695 6.184861
loop -11.30208113 -42.28022181 696 6.263130
loop -11.13966080 -15.90532299 697 6.340773
spike at 698
loop -8.14476127 -65.00000000 698 6.417782
loop -8.24728706 -66.35525280 699 6.494149
loop -8.35111989 -67.19464332 700 6.569866
loop -8.45449373 -67.59905924 701 6.644926
loop -8.55619700 -67.69828631 702 6.719322
loop -8.65548461 -67.60288566 703 6.793047
loop -8.75192289 -67.38699355 704 6.866091
loop -8.84526343 -67.09474994 705 6.938449
loop -8.93536058 -66.75060590 706 7.010114
loop -9.02212178 -66.36710155 707 7.081077
loop -9.10547781 -65.94961548 708 7.151332
loop -9.18536407 -65.49895575 709 7.220872
loop -9.26170714 -65.01258703 710 7.289690
loop -9.33441286 -64.48496711 711 7.357779
loop -9.40335334 -63.90718376 712 7.425133
loop -9.46834963 -63.26583814 713 7.491743
loop -9.52914595 -62.54082987 714 7.557605
loop -9.58536781 -61.70119418 715 7.622711
loop -9.63644862 -60.69704030 716 7.687055
loop -9.68149112 -59.44286990 717 7.750629
loop -9.71897997 -57.77966694 718 7.813429
loop -9.74610902 -55.37716276 719 7.875448
loop -9.75692241 -51.43389322 720 7.936679
loop -9.73573288 -43.48722788 721 7.997116
loop -9.62186640 -20.21204470 722 8.056754
spike at 723
loop -6.86515318 -65.00000000 723 8.115585
loop -6.99170253 -65.96310386 724 8.173606
loop -7.11796584 -66.52434074 725 8.230809
loop -7.24263467 -66.75703590 726 8.287189
loop -7.36479285 -66.75271987 727 8.342740
loop -7.48384495 -66.58698955 728 8.397457
loop -7.59941436 -66.31157629 729 8.451334
loop -7.71125841 -65.95808489 730 8.504366
loop -7.81920863 -65.54384566 731 8.556548
loop -7.92313035 -65.07647411 732 8.607874
loop -8.02289419 -64.55661019 733 8.658339
loop -8.11835264 -63.97908512 734 8.707939
loop -8.20931647 -63.33271941 735 8.756667
loop -8.29552462 -62.59861955 736 8.804520
loop -8.37659911 -61.74624701 737 8.851493
loop -8.45196846 -60.72533398 738 8.897580
loop -8.52072430 -59.44880040 739 8.942778
loop -8.58132402 -57.75355280 740 8.987081
loop -8.63089220 -55.29866519 741 9.030486
loop -8.66327486 -51.25012572 742 9.072987
loop -8.66206386 -43.01362323 743 9.114582
loop -8.56236957 -18.38674771 744 9.155264
spike at 745
loop -5.74177218 -65.00000000 745 9.195032
loop -5.89095428 -66.00438433 746 9.233880
loop -6.03950272 -66.59188144 747 9.271804
loop -6.18606651 -66.83846270 748 9.308801
loop -6.32970722 -66.84050991 749 9.344868
loop -6.46982365 -66.67764259 750 9.380000
loop -6.60604382 -66.40416047 751 9.414194
loop -6.73813562 -66.05316905 752 9.447446
loop -6.86594461 -65.64292546 753 9.479754
loop -6.98935273 -65.18175512 754 9.511114
loop -7.10824980 -64.67103122 755 9.541523
loop -7.22251096 -64.10653784 756 9.570977
loop -7.33197474 -63.47849961 757 9.599475
loop -7.43641623 -62.77024693 758 9.627012
loop -7.53550782 -61.95497722 759 9.653587
loop -7.62875411 -60.98911234 760 9.679197
loop -7.71537310 -59.79851811 761 9.703838
loop -7.79405671 -58.24776757 762 9.727510
loop -7.86242916 -56.06339619 763 9.750208
loop -7.91561745 -52.60921807 764 9.771932
loop -7.94153300 -46.05697647 765 9.792678
loop -7.89852956 -28.95680326 766 9.812445
spike at 767
loop -5.50264397 -65.00000000 767 9.831231
loop -5.65511349 -65.63060049 768 9.849033
loop -5.80585781 -65.96164751 769 9.865851
loop -5.95395553 -66.05371740 770 9.881682
loop -6.09875376 -65.96933516 771 9.896525
loop -6.23981100 -65.75807961 772 9.910379
loop -6.37683047 -65.45392309 773 9.923241
loop -6.50960429 -65.07760669 774 9.935111
loop -6.63797143 -64.63980733 775 9.945988
loop -6.76178596 -64.14349040 776 9.955870
loop -6.88089048 -63.58505820 777 9.964756
loop -6.99508947 -62.95420016 778 9.972646
loop -7.10411637 -62.23217230 779 9.979539
loop -7.20758471 -61.38766817 780 9.985433
loop -7.30490563 -60.36815335 781 9.990330
loop -7.39513265 -59.08128268 782 9.994227
loop -7.47663656 -57.35163972 783 9.997125
loop -7.54632941 -54.80639550 784 9.999023
loop -7.59745345 -50.51265752 785 9.999921
loop -7.61136301 -41.46465785 786 9.999819
loop -7.50941011 -12.56858987 787 9.998717
spike at 788
loop -4.39822355 -65.00000000 788 9.996615
loop -4.57630716 -66.51202027 789 9.993514
loop -4.75462031 -67.45982163 790 9.989413
loop -4.93124252 -67.92865454 791 9.984314
loop -5.10488674 -68.06726804 792 9.978216
loop -5.27479891 -68.00247503 793 9.971120
loop -5.44057506 -67.81803379 794 9.963027
loop -5.60201582 -67.56306470 795 9.953938
loop -5.75903442 -67.26472899 796 9.943853
loop -5.91160367 -66.93748485 797 9.932774
loop -6.05972612 -66.58863136 798 9.920702
loop -6.20341707 -66.22136648 799 9.907638
loop -6.34269431 -65.83639515 800 9.893582
loop -6.47757131 -65.43272158 801 9.878538
loop -6.60805175 -65.00796778 802 9.862506
loop -6.73412425 -64.55838246 803 9.845487
loop -6.85575614 -64.07859433 804 9.827484
loop -6.97288534 -63.56108086 805 9.808498
loop -7.08540856 -62.99523272 806 9.788532
loop -7.19316340 -62.36575111 807 9.767586
loop -7.29589949 -61.64983935 808 9.745664
loop -7.39322969 -60.81204837 809 9.722767
loop -7.48454190 -59.79419999 810 9.698898
loop -7.56882716 -58.49402472 811 9.674059
loop -7.64431014 -56.71488268 812 9.648253
loop -7.70754293 -54.02974619 813 9.621482
loop -7.75072805 -49.33399496 814 9.593748
loop -7.75119155 -38.86951640 815 9.565056
loop -7.60284305 -1.66883162 816 9.535406
spike at 817
loop -3.69373504 -65.00000000 817 9.504804
loop -3.89034893 -67.62214719 818 9.473251
loop -4.08955810 -69.25403811 819 9.440750
loop -4.28786352 -70.02414473 820 9.407306
loop -4.48318767 -70.27035575 821 9.372920
loop -4.67453356 -70.25241004 822 9.337598
loop -4.86149050 -70.11190381 823 9.301341
loop -5.04392569 -69.91625022 824 9.264155
loop -5.22183154 -69.69609014 825 9.226042
loop -5.39525592 -69.46525250 826 9.187007
loop -5.56427095 -69.23003769 827 9.147053
loop -5.72895897 -68.99335918 828 9.106184
loop -5.88940612 -68.75658269 829 9.064404
loop -6.04569940 -68.52035176 830 9.021718
loop -6.19792527 -68.28496476 831 8.978130
loop -6.34616897 -68.05055045 832 8.933644
loop -6.49051420 -67.81715140 833 8.888265
loop -6.63104297 -67.58476428 834 8.841997
loop -6.76783555 -67.35335957 835 8.794845
loop -6.90097040 -67.12289117 836 8.746813
loop -7.03052420 -66.89330096 837 8.697907
loop -7.15657180 -66.66452067 838 8.648131
loop -7.27918625 -66.43647223 839 8.597490
loop -7.39843879 -66.20906730 840 8.545989
loop -7.51439884 -65.98220608 841 8.493634
loop -7.62713397 -65.75577560 842 8.440429
loop -7.73670988 -65.52964743 843 8.386380
loop -7.84319038 -65.30367489 844 8.331493
loop -7.94663733 -65.07768939 845 8.275773
loop -8.04711057 -64.85149598 846 8.219225
loop -8.14466783 -64.62486776 847 8.161855
loop -8.23936463 -64.39753877 848 8.103669
loop -8.33125411 -64.16919505 849 8.044672
loop -8.42038688 -63.93946314 850 7.984871
loop -8.50681073 -63.70789529 851 7.924272
loop -8.59057031 -63.47395019 852 7.862880
loop -8.67170678 -63.23696762 853 7.800702
loop -8.75025718 -62.99613463 854 7.737744
loop -8.82625380 -62.75044010 855 7.674012
loop -8.89972317 -62.49861255 856 7.609512
loop -8.97068484 -62.23903388 857 7.544252
loop -9.03914962 -61.96961777 858 7.478237
loop -9.10511717 -61.68763484 859 7.411475
loop -9.16857265 -61.38945603 860 7.343971
loop -9.22948186 -61.07016672 861 7.275733
loop -9.28778410 -60.72297037 862 7.206767
loop -9.34338137 -60.33823716 863 7.137081
loop -9.39612146 -59.90192899 864 7.066681
loop -9.44577053 -59.39287513 865 6.995574
loop -9.49196634 -58.77780555 866 6.923768
loop -9.53413380 -58.00169652 867 6.851269
loop -9.57132089 -56.96744143 868 6.778086
loop -9.60184818 -55.48842748 869 6.704224
loop -9.62245838 -53.16178908 870 6.629692
loop -9.62584437 -48.95879070 871 6.554497
loop -9.59117734 -39.46246506 872 6.478647
loop -9.42535345 -6.49991345 873 6.402149
spike at 874
loop -5.89010401 -65.00000000 874 6.325010
loop -6.04639798 -68.52401448 875 6.247240
loop -6.20825273 -70.69567598 876 6.168844
loop -6.37080910 -71.68035627 877 6.089831
loop -6.53147651 -72.02089882 878 6.010210
loop -6.68919732 -72.08758494 879 5.929987
loop -6.84361477 -72.05034953 880 5.849172
loop -6.99464874 -71.97656524 881 5.767772
loop -7.14232260 -71.89170969 882 5.685794
loop -7.28669748 -71.80533185 883 5.603249
loop -7.42784764 -71.72102883 884 5.520143
loop -7.56585136 -71.64016800 885 5.436484
loop -7.70078743 -71.56327245 886 5.352283
loop -7.83273384 -71.49054051 887 5.267546
loop -7.96176733 -71.42204256 888 5.182282
loop -8.08796317 -71.35779638 889 5.096500
loop -8.21139509 -71.29779635 890 5.010209
loop -8.33213529 -71.24202484 891 4.923416
loop -8.45025441 -71.19045662 892 4.836131
loop -8.56582157 -71.14306068 893 4.748363
loop -8.67890434 -71.09980089 894 4.660119
loop -8.78956880 -71.06063629 895 4.571410
loop -8.89787951 -71.02552128 896 4.482243
loop -9.00389954 -70.99440565 897 4.392629
loop -9.10769049 -70.96723474 898 4.302575
loop -9.20931247 -70.94394954 899 4.212090
loop -9.30882417 -70.92448682 900 4.121185
loop -9.40628281 -70.90877935 901 4.029867
loop -9.50174417 -70.89675603 902 3.938147
loop -9.59526266 -70.88834219 903 3.846032
loop -9.68689125 -70.88345978 904 3.753533
loop -9.77668153 -70.88202767 905 3.660659
loop -9.86468375 -70.88396192 906 3.567419
loop -9.95094678 -70.88917606 907 3.473822
loop -10.03551817 -70.89758144 908 3.379877
loop -10.11844415 -70.90908749 909 3.285595
loop -10.19976968 -70.92360211 910 3.190984
loop -10.27953841 -70.94103189 911 3.096053
loop -10.35779278 -70.96128253 912 3.000814
loop -10.43457396 -70.98425907 913 2.905274
loop -10.50992194 -71.00986621 914 2.809444
loop -10.58387554 -71.03800863 915 2.713332
loop -10.65647239 -71.06859121 916 2.616950
loop -10.72774902 -71.10151934 917 2.520305
loop -10.79774084 -71.13669914 918 2.423409
loop -10.86648217 -71.17403768 919 2.326270
loop -10.93400630 -71.21344318 920 2.228899
loop -11.00034548 -71.25482524 921 2.131305
loop -11.06553095 -71.29809496 922 2.033498
loop -11.12959299 -71.34316510 923 1.935487
loop -11.19256093 -71.38995023 924 1.837283
loop -11.25446318 -71.43836684 925 1.738895
loop -11.31532725 -71.48833338 926 1.640333
loop -11.37517978 -71.53977042 927 1.541607
loop -11.43404659 -71.59260064 928 1.442727
loop -11.49195266 -71.64674894 929 1.343703
loop -11.54892217 -71.70214240 930 1.244544
loop -11.60497857 -71.75871037 931 1.145261
loop -11.66014454 -71.81638441 932 1.045863
loop -11.71444204 -71.87509835 933 0.946361
loop -11.76789235 -71.93478825 934 0.846764
loop -11.82051607 -71.99539237 935 0.747083
loop -11.87233316 -72.05685116 936 0.647327
loop -11.92336292 -72.11910720 937 0.547506
loop -11.97362408 -72.18210522 938 0.447630
loop -12.02313477 -72.24579197 939 0.347710
loop -12.07191254 -72.31011626 940 0.247754
loop -12.11997440 -72.37502883 941 0.147774
loop -12.16733685 -72.44048237 942 0.047779
loop -12.21401583 -72.50643140 943 -0.052220
loop -12.26002685 -72.57283226 944 -0.152215
loop -12.30538488 -72.63964303 945 -0.252194
loop -12.35010448 -72.70682348 946 -0.352148
loop -12.39419973 -72.77433500 947 -0.452066
loop -12.43768430 -72.84214057 948 -0.551940
loop -12.48057143 -72.91020467 949 -0.651758
loop -12.52287397 -72.97849325 950 -0.751511
loop -12.56460439 -73.04697364 951 -0.851189
loop -12.60577476 -73.11561454 952 -0.950782
loop -12.64639681 -73.18438595 953 -1.050280
loop -12.68648191 -73.25325908 954 -1.149673
loop -12.72604110 -73.32220637 955 -1.248950
loop -12.76508508 -73.39120138 956 -1.348103
loop -12.80362425 -73.46021876 957 -1.447121
loop -12.84166870 -73.52923422 958 -1.545995
loop -12.87922823 -73.59822448 959 -1.644714
loop -12.91631233 -73.66716721 960 -1.743268
loop -12.95293025 -73.73604101 961 -1.841648
loop -12.98909095 -73.80482534 962 -1.939844
loop -13.02480313 -73.87350053 963 -2.037845
loop -13.06007526 -73.94204768 964 -2.135644
loop -13.09491555 -74.01044869 965 -2.233228
loop -13.12933198 -74.07868619 966 -2.330589
loop -13.16333232 -74.14674350 967 -2.427717
loop -13.19692409 -74.21460461 968 -2.524603
loop -13.23011462 -74.28225418 969 -2.621236
loop -13.26291104 -74.34967745 970 -2.717606
loop -13.29532026 -74.41686027 971 -2.813705
loop -13.32734901 -74.48378904 972 -2.909523
loop -13.35900383 -74.55045069 973 -3.005050
loop -13.39029109 -74.61683268 974 -3.100276
loop -13.42121696 -74.68292293 975 -3.195192
loop -13.45178746 -74.74870987 976 -3.289789
loop -13.48200844 -74.81418233 977 -3.384056
loop -13.51188559 -74.87932960 978 -3.477986
loop -13.54142444 -74.94414137 979 -3.571567
loop -13.57063038 -75.00860770 980 -3.664791
loop -13.59950865 -75.07271906 981 -3.757649
loop -13.62806434 -75.13646625 982 -3.850131
loop -13.65630242 -75.19984042 983 -3.942228
loop -13.68422770 -75.26283304 984 -4.033931
loop -13.71184489 -75.32543589 985 -4.125231
loop -13.73915856 -75.38764108 986 -4.216118
loop -13.76617315 -75.44944095 987 -4.306583
loop -13.79289300 -75.51082817 988 -4.396618
loop -13.81932232 -75.57179563 989 -4.486213
loop -13.84546522 -75.63233649 990 -4.575359
loop -13.87132570 -75.69244416 991 -4.664048
loop -13.89690763 -75.75211224 992 -4.752270
loop -13.92221482 -75.81133460 993 -4.840018
loop -13.94725094 -75.87010528 994 -4.927281
loop -13.97201960 -75.92841855 995 -5.014051
loop -13.99652428 -75.98626886 996 -5.100320
loop -14.02076840 -76.04365084 997 -5.186079
loop -14.04475527 -76.10055931 998 -5.271320
loop -14.06848812 -76.15698926 999 -5.356033
loop -14.09197010 -76.21293584 1000 -5.440211
spikes: 874 817 788 767 745 723 698 667 230 193 143 123 95 48