loop	-13.00000000	-65.00000000	0	0.0
loop	-13.01122000	-67.80500000	1	0.09999833334166665
loop	-13.02933245	-69.58421286	2	0.1999866669333308
loop	-13.05054083	-70.44875774	3	0.2999550020249566
loop	-13.07257438	-70.76108965	4	0.3998933418663416
loop	-13.09432650	-70.80090403	5	0.4997916927067833
loop	-13.11530873	-70.71718989	6	0.599640064794446
loop	-13.13531644	-70.57846951	7	0.6994284733753277
loop	-13.15426854	-70.41460751	8	0.799146939691727
loop	-13.17213687	-70.23842495	9	0.8987854919801104
loop	-13.18891577	-70.05540881	10	0.9983341664682815
loop	-13.20460899	-69.86788461	11	1.0977830083717481
loop	-13.21922399	-69.67679493	12	1.1971220728891936
loop	-13.23276936	-69.48246216	13	1.2963414261969486
loop	-13.24525365	-69.28491920	14	1.395431146442365
loop	-13.25668479	-69.08405417	15	1.494381324735992
loop	-13.26706979	-68.87967357	16	1.5931820661424598
loop	-13.27641451	-68.67152906	17	1.6918234906699603
loop	-13.28472353	-68.45932721	18	1.7902957342582417
loop	-13.29199998	-68.24273096	19	1.8885889497650057
loop	-13.29824541	-68.02135643	20	1.9866933079506122
loop	-13.30345957	-67.79476672	21	2.0845989984609954
loop	-13.30764023	-67.56246299	22	2.182296230808693
loop	-13.31078291	-67.32387286	23	2.279775235351884
loop	-13.31288060	-67.07833557	24	2.377026264271346
loop	-13.31392332	-66.82508292	25	2.474039592545229
loop	-13.31389771	-66.56321493	26	2.570805518921551
loop	-13.31278643	-66.29166811	27	2.6673143668883115
loop	-13.31056740	-66.00917391	28	2.7635564856411374
loop	-13.30721286	-65.71420331	29	2.8595222510483556
loop	-13.30268817	-65.40489205	30	2.9552020666133956
loop	-13.29695016	-65.07893782	31	3.050586364434435
loop	-13.28994498	-64.73345622	32	3.1456656061611774
loop	-13.28160518	-64.36477491	33	3.2404302839486836
loop	-13.27184561	-63.96813222	34	3.334870921408144
loop	-13.26055759	-63.53722394	35	3.4289780745545135
loop	-13.24760044	-63.06350121	36	3.5227423327508993
loop	-13.23278861	-62.53504383	37	3.61615431964962
loop	-13.21587155	-61.93467764	38	3.7092046941298267
loop	-13.19650082	-61.23667481	39	3.801884151231614
loop	-13.17417332	-60.40062961	40	3.8941834230865053
loop	-13.14812693	-59.35926915	41	3.986093279844229
loop	-13.11713230	-57.99197827	42	4.077604530595702
loop	-13.07903140	-56.06043634	43	4.1687080242921075
loop	-13.02955704	-53.02656516	44	4.2593946506599965
loop	-12.95862044	-47.41363538	45	4.349655341112302
loop	-12.83412345	-33.66885437	46	4.439481069655198
loop	-12.47248121	26.23994083	47	4.528862853790683
spike at 48
loop	-4.61971935	-65.00000000	48	4.617791755414829
loop	-4.81210779	-71.19570817	49	4.70625888171158
loop	-5.01262289	-74.18931467	50	4.79425538604203
loop	-5.21210454	-74.93352512	51	4.881772468829075
loop	-5.40751365	-74.91280049	52	4.968801378437368
loop	-5.59814262	-74.69481218	53	5.055333412048469
loop	-5.78389191	-74.42803365	54	5.1413599165311314
loop	-5.96480764	-74.14839300	55	5.226872289306592
loop	-6.14096994	-73.86461390	56	5.3118619792088335
loop	-6.31246573	-73.57879627	57	5.3963204873396915
loop	-6.47938188	-73.29136558	58	5.480239367918736
loop	-6.64180343	-73.00229877	59	5.563610229127837
loop	-6.79981312	-72.71143852	60	5.6464247339503535
loop	-6.95349116	-72.41857560	61	5.728674601004813
loop	-7.10291522	-72.12346980	62	5.810351605373051
loop	-7.24816033	-71.82585370	63	5.891447579422695
loop	-7.38929884	-71.52543096	64	5.971954413623921
loop	-7.52640036	-71.22187264	65	6.051864057360396
loop	-7.65953160	-70.91481207	66	6.131168519734338
loop	-7.78875632	-70.60383862	67	6.209859870365597
loop	-7.91413515	-70.28848991	68	6.287930240184686
loop	-8.03572542	-69.96824230	69	6.365371822219679
loop	-8.15358091	-69.64249916	70	6.44217687237691
loop	-8.26775159	-69.31057609	71	6.518337710215366
loop	-8.37828329	-68.97168238	72	6.5938467197147315
loop	-8.48521722	-68.62489738	73	6.668696350036979
loop	-8.58858943	-68.26914003	74	6.7428791162814505
loop	-8.68843016	-67.90312904	75	6.816387600233341
loop	-8.78476288	-67.52533031	76	6.889214451105513
loop	-8.87760317	-67.13388627	77	6.961352386273568
loop	-8.96695718	-66.72651942	78	7.0327941920041015
loop	-9.05281963	-66.30039818	79	7.103532724176079
loop	-9.13517102	-65.85194657	80	7.173560908995228
loop	-9.21397387	-65.37656779	81	7.242871743701426
loop	-9.28916732	-64.86823234	82	7.311458297268958
loop	-9.36065936	-64.31884590	83	7.379313711099627
loop	-9.42831516	-63.71724591	84	7.446431199708593
loop	-9.49193903	-63.04754493	85	7.512804051402927
loop	-9.55124532	-62.28626666	86	7.57842562895277
loop	-9.60580887	-61.39711512	87	7.643289370255051
loop	-9.65497575	-60.32076274	88	7.707388788989693
loop	-9.69768901	-58.95319330	89	7.770717475268238
loop	-9.73211383	-57.09465013	90	7.833269096274834
loop	-9.75471616	-54.31115320	91	7.895037396899505
loop	-9.75753085	-49.47725149	92	7.95601620036366
loop	-9.71734787	-38.74191054	93	8.016199408837771
loop	-9.52441157	-.35266372	94	8.075581004051141
spike at 95
loop	-5.45142354	-65.00000000	95	8.134155047893737
loop	-5.61145328	-67.26455319	96	8.191915683009983
loop	-5.77380300	-68.64469511	97	8.2488571333845
loop	-5.93541114	-69.27105215	98	8.304973704919705
loop	-6.09439424	-69.42282957	99	8.360259786005205
loop	-6.24977806	-69.31792570	100	8.414709848078965
loop	-6.40110666	-69.08104048	101	8.468318446180152
loop	-6.54818413	-68.77490071	102	8.52108021949363
loop	-6.69093789	-68.42936036	103	8.572989891886033
loop	-6.82935149	-68.05808984	104	8.624042272433384
loop	-6.96343185	-67.66684742	105	8.67423225594017
loop	-7.09319267	-67.25736504	106	8.723554823449863
loop	-7.21864528	-66.82911664	107	8.772005042746816
loop	-7.33979264	-66.38006566	108	8.819578068849475
loop	-7.45662434	-65.90688834	109	8.866269144494872
loop	-7.56911137	-65.40487807	110	8.912073600614354
loop	-7.67719948	-64.86758435	111	8.956986856800476
loop	-7.78080004	-64.28613799	112	9.001004421765051
loop	-7.87977646	-63.64810398	113	9.044121893788258
loop	-7.97392303	-62.93552481	114	9.086334961158832
loop	-8.06293040	-62.12145903	115	9.12763940260521
loop	-8.14632586	-61.16351579	116	9.168031087717669
loop	-8.22336294	-59.99090129	117	9.207505977361357
loop	-8.29279989	-58.47605097	118	9.246060124080204
loop	-8.35240350	-56.36490196	119	9.283689672491667
loop	-8.39766187	-53.07660927	120	9.320390859672262
loop	-8.41764630	-46.98441902	121	9.35616001553386
loop	-8.37628687	-31.74837247	122	9.390993563190676
spike at 123
loop	-6.05062998	-65.00000000	123	9.424888019316974
loop	-6.19160492	-65.49688249	124	9.457839994495389
loop	-6.33066654	-65.72343113	125	9.489846193555863
loop	-6.46699882	-65.73640312	126	9.520903415905158
loop	-6.60001709	-65.58955981	127	9.551008555846924
loop	-6.72931193	-65.32379605	128	9.580158602892249
loop	-6.85458980	-64.96602835	129	9.608350642060726
loop	-6.97562319	-64.53129518	130	9.63558185417193
loop	-7.09221088	-64.02503847	131	9.66184951612734
loop	-7.20414417	-63.44437750	132	9.687151001182652
loop	-7.31117290	-62.77790323	133	9.711483779210447
loop	-7.41296328	-62.00346008	134	9.734845416953194
loop	-7.50903464	-61.08265608	135	9.757233578266591
loop	-7.59864969	-59.94893457	136	9.778646024353163
loop	-7.68060028	-58.48089628	137	9.799080613986142
loop	-7.75273512	-56.43671291	138	9.818535303723596
loop	-7.81074995	-53.26738278	139	9.837008148112766
loop	-7.84436184	-47.45672108	140	9.854497299884601
loop	-7.82045525	-33.24516115	141	9.871001010138503
loop	-7.54537719	29.66723841	142	9.886517628517197
spike at 143
loop	0.92748845	-65.00000000	143	9.901045603371777
loop	0.62322561	-71.42826620	144	9.914583481916864
loop	0.31294479	-74.45407676	145	9.927129910375886
loop	0.00608689	-75.14975206	146	9.93868363411645
loop	-.29438498	-75.08753236	147	9.949243497775809
loop	-.58785313	-74.83896280	148	9.9588084453764
loop	-.87428396	-74.54697365	149	9.967377520431434
loop	-1.15377811	-74.24495727	150	9.974949866040545
loop	-1.42646582	-73.94081731	151	9.98152472497548
loop	-1.69248227	-73.63644081	152	9.987101439755829
loop	-1.95196156	-73.33223500	153	9.99167945271476
loop	-2.20503522	-73.02822247	154	9.99525830605479
loop	-2.45183178	-72.72431635	155	9.99783764189357
loop	-2.69247671	-72.42039175	156	9.999417202299663
loop	-2.92709240	-72.11630437	157	9.999996829318347
loop	-3.15579813	-71.81189456	158	9.9995764649874
loop	-3.37871011	-71.50698729	159	9.998156151342908
loop	-3.59594147	-71.20139048	160	9.99573603041505
loop	-3.80760221	-70.89489271	161	9.992316344213904
loop	-4.01379921	-70.58726024	162	9.98789743470524
loop	-4.21463616	-70.27823352	163	9.982479743776324
loop	-4.41021353	-69.96752291	164	9.976063813191736
loop	-4.60062847	-69.65480352	165	9.968650284539189
loop	-4.78597474	-69.33970890	166	9.960239899165368
loop	-4.96634254	-69.02182338	167	9.950833498101803
loop	-5.14181838	-68.70067250	168	9.94043202198076
loop	-5.31248485	-68.37571113	169	9.929036510941184
loop	-5.47842039	-68.04630858	170	9.916648104524686
loop	-5.63969890	-67.71172953	171	9.90326804156158
loop	-5.79638936	-67.37110969	172	9.888897660047014
loop	-5.94855527	-67.02342413	173	9.873538397007165
loop	-6.09625395	-66.66744550	174	9.857191788355536
loop	-6.23953562	-66.30168842	175	9.83985946873937
loop	-6.37844225	-65.92433403	176	9.821543171376184
loop	-6.51300590	-65.53312598	177	9.802244727880455
loop	-6.64324668	-65.12522443	178	9.781966068080447
loop	-6.76916974	-64.69699654	179	9.760709219825243
loop	-6.89076118	-64.24370884	180	9.738476308781951
loop	-7.00798221	-63.75906326	181	9.715269558223152
loop	-7.12076047	-63.23447567	182	9.691091288804563
loop	-7.22897691	-62.65791408	183	9.665943918332975
loop	-7.33244517	-62.01194972	184	9.63982996152448
loop	-7.43087757	-61.27032605	185	9.612752029752999
loop	-7.52382626	-60.39155936	186	9.584712830789142
loop	-7.61057424	-59.30612711	187	9.555715168529439
loop	-7.68991652	-57.88844124	188	9.525761942715953
loop	-7.75967053	-55.88808546	189	9.494856148646305
loop	-7.81540864	-52.73287949	190	9.463000876874144
loop	-7.84640038	-46.82497684	191	9.430199312900106
loop	-7.81738430	-31.97798219	192	9.396454736853249
spike at 193
loop	-5.51346862	-65.00000000	193	9.361770523163061
loop	-5.66744803	-66.06219738	194	9.326150140222005
loop	-5.82111858	-66.75487572	195	9.289597150038693
loop	-5.97323146	-67.13381350	196	9.252115207881683
loop	-6.12290314	-67.28407793	197	9.213708061913955
loop	-6.26957377	-67.28217226	198	9.174379552818099
loop	-6.41291746	-67.18379135	199	9.134133613412253
loop	-6.55276081	-67.02542458	200	9.092974268256818
loop	-6.68902452	-66.82973138	201	9.05090563325201
loop	-6.82168569	-66.61041557	202	9.007931915226273
loop	-6.95075458	-66.37565022	203	8.9640574115156
loop	-7.07626048	-66.13024927	204	8.919286509533796
loop	-7.19824320	-65.87698112	205	8.873623686333755
loop	-7.31674771	-65.61734552	206	8.82707350815974
loop	-7.43182087	-65.35202662	207	8.779640629990782
loop	-7.54350906	-65.08115213	208	8.731329795075165
loop	-7.65185661	-64.80443453	209	8.682145834456126
loop	-7.75690443	-64.52123759	210	8.632093666488737
loop	-7.85868871	-64.23059118	211	8.581178296348089
loop	-7.95723959	-63.93116495	212	8.529404815528762
loop	-8.05257961	-63.62120240	213	8.476778401335698
loop	-8.14472166	-63.29840918	214	8.423304316366456
loop	-8.23366634	-62.95978033	215	8.368987907984977
loop	-8.31939837	-62.60133878	216	8.31383460778683
loop	-8.40188135	-62.21773667	217	8.25784993105608
loop	-8.48105027	-61.80163494	218	8.201039476213742
loop	-8.55680010	-61.34270933	219	8.14340892425796
loop	-8.62896809	-60.82599802	220	8.084964038195901
loop	-8.69730485	-60.22903029	221	8.025710662467473
loop	-8.76142500	-59.51656161	222	7.965654722360865
loop	-8.82071755	-58.63026429	223	7.904802223420048
loop	-8.87417047	-57.46681574	224	7.843159250844199
loop	-8.91999169	-55.82615925	225	7.780731968879212
loop	-8.95467565	-53.27094884	226	7.71752662020126
loop	-8.97022860	-48.66161570	227	7.653549525292536
loop	-8.94315040	-38.08159166	228	7.58880708180922
loop	-8.76129538	0.74800207	229	7.523305763941707
spike at 230
loop	-4.62077651	-65.00000000	230	7.457052121767203
loop	-4.80295756	-68.64914566	231	7.390052780594708
loop	-4.99029182	-70.84835172	232	7.322314440302514
loop	-5.17768356	-71.79939415	233	7.2538438746681955
loop	-5.36249486	-72.09124211	234	7.184647930691263
loop	-5.54368485	-72.10997309	235	7.114733527908443
loop	-5.72091970	-72.02713581	236	7.044107657701763
loop	-5.89413774	-71.90910794	237	6.972777382599378
loop	-6.06337730	-71.78057957	238	6.900749835569364
loop	-6.22871266	-71.65072598	239	6.828032219306397
loop	-6.39023044	-71.52301024	240	6.75463180551151
loop	-6.54802094	-71.39877560	241	6.68055593416491
loop	-6.70217479	-71.27856685	242	6.605812012792008
loop	-6.85278178	-71.16262251	243	6.530407515722648
loop	-6.99993039	-71.05106087	244	6.454349983343707
loop	-7.14370759	-70.94395135	245	6.3776470213450365
loop	-7.28419880	-70.84134220	246	6.3003062999589226
loop	-7.42148791	-70.74327129	247	6.222335553193047
loop	-7.55565724	-70.64977023	248	6.143742578057117
loop	-7.68678755	-70.56086585	249	6.064535233783147
loop	-7.81495813	-70.47658057	250	5.984721441039565
loop	-7.94024669	-70.39693238	251	5.90430918113913
loop	-8.06272950	-70.32193455	252	5.823306495240819
loop	-8.18248129	-70.25159540	253	5.741721483545726
loop	-8.29957533	-70.18591794	254	5.659562304487028
loop	-8.41408343	-70.12489959	255	5.5768371739141696
loop	-8.52607588	-70.06853187	256	5.493554364271266
loop	-8.63562157	-70.01680017	257	5.409722203769886
loop	-8.74278787	-69.96968354	258	5.325349075556211
loop	-8.84764073	-69.92715448	259	5.240443416872761
loop	-8.95024463	-69.88917885	260	5.155013718214642
loop	-9.05066260	-69.85571576	261	5.069068522480534
loop	-9.14895622	-69.82671758	262	4.982616424118386
loop	-9.24518562	-69.80212998	263	4.895666068265995
loop	-9.33940947	-69.78189199	264	4.808226149886482
loop	-9.43168503	-69.76593618	265	4.720305412898826
loop	-9.52206808	-69.75418885	266	4.631912649303452
loop	-9.61061300	-69.74657032	267	4.543056698303064
loop	-9.69737272	-69.74299523	268	4.4537464454187115
loop	-9.78239876	-69.74337289	269	4.363990821601263
loop	-9.86574122	-69.74760771	270	4.273798802338298
loop	-9.94744879	-69.75559965	271	4.18317940675659
loop	-10.02756879	-69.76724465	272	4.092141696720173
loop	-10.10614716	-69.78243518	273	4.000694775924195
loop	-10.18322846	-69.80106072	274	3.908847788984522
loop	-10.25885592	-69.82300830	275	3.816609920523317
loop	-10.33307145	-69.84816301	276	3.7239903942505572
loop	-10.40591566	-69.87640854	277	3.630998472041683
loop	-10.47742786	-69.90762766	278	3.537643453011431
loop	-10.54764611	-69.94170274	279	3.4439346725838997
loop	-10.61660725	-69.97851621	280	3.349881501559051
loop	-10.68434691	-70.01795098	281	3.2554933451756
loop	-10.75089954	-70.05989089	282	3.160779642170538
loop	-10.81629843	-70.10422105	283	3.0657498638352294
loop	-10.88057578	-70.15082823	284	2.970413513068324
loop	-10.94376266	-70.19960111	285	2.874780123425444
loop	-11.00588913	-70.25043060	286	2.778859258165868
loop	-11.06698419	-70.30321005	287	2.6826605092961793
loop	-11.12707585	-70.35783546	288	2.5861934966111084
loop	-11.18619115	-70.41420564	289	2.4894678667315255
loop	-11.24435622	-70.47222234	290	2.3924932921398243
loop	-11.30159626	-70.53179035	291	2.295279470212642
loop	-11.35793560	-70.59281759	292	2.1978361222511693
loop	-11.41339775	-70.65521514	293	2.1001729925089916
loop	-11.46800539	-70.71889727	294	2.002299847217705
loop	-11.52178040	-70.78378145	295	1.9042264736102705
loop	-11.57474395	-70.84978833	296	1.805962678942329
loop	-11.62691644	-70.91684170	297	1.7075182895114533
loop	-11.67831758	-70.98486846	298	1.6089031496745576
loop	-11.72896642	-71.05379853	299	1.5101271208634384
loop	-11.77888136	-71.12356485	300	1.4112000805986722
loop	-11.82808014	-71.19410322	301	1.3121319215018423
loop	-11.87657995	-71.26535229	302	1.2129325503062975
loop	-11.92439736	-71.33725342	303	1.1136118868665001
loop	-11.97154842	-71.40975063	304	1.0141798631660186
loop	-12.01804861	-71.48279049	305	0.914646422324372
loop	-12.06391293	-71.55632199	306	0.8150215176026911
loop	-12.10915585	-71.63029653	307	0.7153151114084371
loop	-12.15379141	-71.70466774	308	0.6155371742991315
loop	-12.19783315	-71.77939143	309	0.5156976839853464
loop	-12.24129418	-71.85442549	310	0.41580662433290494
loop	-12.28418722	-71.92972979	311	0.31587398436453895
loop	-12.32652454	-72.00526609	312	0.2159097572609596
loop	-12.36831804	-72.08099798	313	0.11592393936158275
loop	-12.40957924	-72.15689076	314	0.01592652916486828
loop	-12.45031930	-72.23291137	315	-0.08407247367148618
loop	-12.49054903	-72.30902832	316	-0.1840630693305381
loop	-12.53027890	-72.38521162	317	-0.2840352588360379
loop	-12.56951905	-72.46143268	318	-0.3839790450523538
loop	-12.60827933	-72.53766427	319	-0.48388443368414147
loop	-12.64656926	-72.61388043	320	-0.5837414342758008
loop	-12.68439810	-72.69005642	321	-0.6835400612104778
loop	-12.72177481	-72.76616866	322	-0.7832703347086529
loop	-12.75870810	-72.84219466	323	-0.882922281826076
loop	-12.79520639	-72.91811298	324	-0.9824859374510868
loop	-12.83127787	-72.99390316	325	-1.0819513453010838
loop	-12.86693050	-73.06954569	326	-1.1813085589181738
loop	-12.90217197	-73.14502194	327	-1.2805476426637967
loop	-12.93700979	-73.22031414	328	-1.3796586727122684
loop	-12.97145122	-73.29540531	329	-1.4786317380431853
loop	-13.00550331	-73.37027924	330	-1.5774569414324822
loop	-13.03917293	-73.44492044	331	-1.6761244004421831
loop	-13.07246672	-73.51931412	332	-1.7746242484086014
loop	-13.10539117	-73.59344612	333	-1.8729466354290316
loop	-13.13795256	-73.66730292	334	-1.9710817293466985
loop	-13.17015700	-73.74087158	335	-2.069019716733998
loop	-13.20201042	-73.81413972	336	-2.1667508038737964
loop	-13.23351859	-73.88709549	337	-2.2642652177388314
loop	-13.26468713	-73.95972755	338	-2.3615532069689698
loop	-13.29552149	-74.03202503	339	-2.4586050428463704
loop	-13.32602697	-74.10397753	340	-2.5554110202683122
loop	-13.35620873	-74.17557506	341	-2.6519614587177336
loop	-13.38607178	-74.24680806	342	-2.7482467032312403
loop	-13.41562102	-74.31766736	343	-2.844257125364625
loop	-13.44486117	-74.38814415	344	-2.939983124155676
loop	-13.47379687	-74.45823000	345	-3.0354151270842933
loop	-13.50243260	-74.52791679	346	-3.130543591029702
loop	-13.53077274	-74.59719674	347	-3.22535900322479
loop	-13.55882153	-74.66606235	348	-3.319851882207341
loop	-13.58658313	-74.73450644	349	-3.4140127787682095
loop	-13.61406155	-74.80252209	350	-3.5078322768961985
loop	-13.64126073	-74.87010265	351	-3.601300994719682
loop	-13.66818448	-74.93724172	352	-3.694409585444771
loop	-13.69483653	-75.00393314	353	-3.787148738289976
loop	-13.72122048	-75.07017097	354	-3.879509179417303
loop	-13.74733987	-75.13594951	355	-3.971481672859598
loop	-13.77319812	-75.20126324	356	-4.063057021444168
loop	-13.79879859	-75.26610685	357	-4.154226067712459
loop	-13.82414452	-75.33047523	358	-4.244979694835826
loop	-13.84923908	-75.39436344	359	-4.335308827527177
loop	-13.87408537	-75.45776671	360	-4.425204432948525
loop	-13.89868638	-75.52068043	361	-4.5146575216142315
loop	-13.92304505	-75.58310017	362	-4.603659148289983
loop	-13.94716424	-75.64502163	363	-4.692200412887272
loop	-13.97104672	-75.70644066	364	-4.780272461353428
loop	-13.99469520	-75.76735323	365	-4.867866486556994
loop	-14.01811231	-75.82775549	366	-4.954973729168449
loop	-14.04130064	-75.88764365	367	-5.041585478536115
loop	-14.06426269	-75.94701410	368	-5.1276930735572375
loop	-14.08700089	-76.00586330	369	-5.213287903544065
loop	-14.10951762	-76.06418786	370	-5.298361409084934
loop	-14.13181520	-76.12198445	371	-5.3829050829001766
loop	-14.15389590	-76.17924988	372	-5.466910470692872
loop	-14.17576191	-76.23598104	373	-5.550369171994238
loop	-14.19741537	-76.29217492	374	-5.6332728410037
loop	-14.21885837	-76.34782858	375	-5.715613187423437
loop	-14.24009296	-76.40293920	376	-5.7973819772874275
loop	-14.26112112	-76.45750400	377	-5.878571033784827
loop	-14.28194478	-76.51152032	378	-5.959172238077639
loop	-14.30256583	-76.56498554	379	-6.039177530112606
loop	-14.32298610	-76.61789714	380	-6.118578909427189
loop	-14.34320739	-76.67025265	381	-6.197368435949633
loop	-14.36323144	-76.72204967	382	-6.275538230792933
loop	-14.38305995	-76.77328588	383	-6.353080477042756
loop	-14.40269459	-76.82395901	384	-6.429987420539089
loop	-14.42213696	-76.87406684	385	-6.506251370651674
loop	-14.44138865	-76.92360723	386	-6.581864701049049
loop	-14.46045119	-76.97257807	387	-6.656819850461192
loop	-14.47932608	-77.02097732	388	-6.731109323435617
loop	-14.49801477	-77.06880298	389	-6.80472569108694
loop	-14.51651869	-77.11605311	390	-6.877661591839738
loop	-14.53483922	-77.16272581	391	-6.94990973216472
loop	-14.55297771	-77.20881923	392	-7.021462887308054
loop	-14.57093548	-77.25433156	393	-7.092313902013862
loop	-14.58871382	-77.29926104	394	-7.162455691239705
loop	-14.60631396	-77.34360593	395	-7.231881240865121
loop	-14.62373714	-77.38736455	396	-7.300583608392995
loop	-14.64098454	-77.43053526	397	-7.368555923643834
loop	-14.65805731	-77.47311644	398	-7.4357913894427465
loop	-14.67495659	-77.51510651	399	-7.5022832822991905
loop	-14.69168348	-77.55650393	400	-7.5680249530792825
loop	-14.70823904	-77.59730720	401	-7.633009827670733
loop	-14.72462432	-77.63751484	402	-7.697231407640238
loop	-14.74084033	-77.67712539	403	-7.760683270883323
loop	-14.75688807	-77.71613745	404	-7.823359072266528
loop	-14.77276851	-77.75454963	405	-7.8852525442619505
loop	-14.78848258	-77.79236056	406	-7.946357497573969
loop	-14.80403121	-77.82956891	407	-8.006667821758176
loop	-14.81941528	-77.86617339	408	-8.066177485832405
loop	-14.83463566	-77.90217270	409	-8.124880538879843
loop	-14.84969321	-77.93756559	410	-8.182771110644103
loop	-14.86458875	-77.97235082	411	-8.239843412116258
loop	-14.87932308	-78.00652720	412	-8.29609173611371
loop	-14.89389700	-78.04009352	413	-8.351510457850935
loop	-14.90831125	-78.07304863	414	-8.406094035501946
loop	-14.92256659	-78.10539138	415	-8.459837010754466
loop	-14.93666374	-78.13712064	416	-8.512734009355745
loop	-14.95060341	-78.16823531	417	-8.564779741650012
loop	-14.96438628	-78.19873431	418	-8.615969003107406
loop	-14.97801302	-78.22861656	419	-8.666296674844443
loop	-14.99148428	-78.25788103	420	-8.715757724135882
loop	-15.00480070	-78.28652667	421	-8.764347204918014
loop	-15.01796290	-78.31455248	422	-8.812060258283253
loop	-15.03097147	-78.34195745	423	-8.858892112966027
loop	-15.04382700	-78.36874060	424	-8.904838085819884
loop	-15.05653007	-78.39490097	425	-8.949893582285835
loop	-15.06908122	-78.42043761	426	-8.994054096851777
loop	-15.08148099	-78.44534958	427	-9.037315213503053
loop	-15.09372991	-78.46963596	428	-9.079672606164054
loop	-15.10582850	-78.49329584	429	-9.121122039130803
loop	-15.11777724	-78.51632833	430	-9.161659367494549
loop	-15.12957663	-78.53873254	431	-9.201280537556237
loop	-15.14122713	-78.56050761	432	-9.23998158723188
loop	-15.15272919	-78.58165268	433	-9.277758646448754
loop	-15.16408328	-78.60216690	434	-9.314607937532426
loop	-15.17528981	-78.62204944	435	-9.35052577558449
loop	-15.18634921	-78.64129949	436	-9.385508568851078
loop	-15.19726189	-78.65991623	437	-9.41955281908201
loop	-15.20802825	-78.67789885	438	-9.452655121880634
loop	-15.21864867	-78.69524659	439	-9.484812167044257
loop	-15.22912353	-78.71195864	440	-9.51602073889516
loop	-15.23945320	-78.72803425	441	-9.546277716602164
loop	-15.24963803	-78.74347265	442	-9.575580074492711
loop	-15.25967836	-78.75827309	443	-9.603924882355434
loop	-15.26957453	-78.77243483	444	-9.631309305733167
loop	-15.27932687	-78.78595715	445	-9.657730606206389
loop	-15.28893569	-78.79883930	446	-9.683186141667072
loop	-15.29840130	-78.81108058	447	-9.707673366582883
loop	-15.30772399	-78.82268027	448	-9.731189832251738
loop	-15.31690406	-78.83363768	449	-9.753733187046665
loop	-15.32594179	-78.84395210	450	-9.77530117665097
loop	-15.33483745	-78.85362286	451	-9.79589164428367
loop	-15.34359129	-78.86264927	452	-9.815502530915154
loop	-15.35220359	-78.87103065	453	-9.834131875473108
loop	-15.36067458	-78.87876633	454	-9.851777815038595
loop	-15.36900451	-78.88585567	455	-9.868438585032365
loop	-15.37719362	-78.89229799	456	-9.884112519391305
loop	-15.38524211	-78.89809264	457	-9.898798050735039
loop	-15.39315023	-78.90323898	458	-9.91249371052267
loop	-15.40091817	-78.90773637	459	-9.925198129199632
loop	-15.40854614	-78.91158417	460	-9.936910036334645
loop	-15.41603435	-78.91478174	461	-9.947628260746756
loop	-15.42338297	-78.91732846	462	-9.957351730622454
loop	-15.43059221	-78.91922370	463	-9.966079473622855
loop	-15.43766223	-78.92046684	464	-9.973810616980932
loop	-15.44459322	-78.92105725	465	-9.980544387588795
loop	-15.45138533	-78.92099434	466	-9.986280112074988
loop	-15.45803873	-78.92027748	467	-9.991017216871848
loop	-15.46455358	-78.91890605	468	-9.99475522827284
loop	-15.47093003	-78.91687946	469	-9.99749377247994
loop	-15.47716822	-78.91419709	470	-9.999232575641008
loop	-15.48326829	-78.91085835	471	-9.99997146387718
loop	-15.48923037	-78.90686261	472	-9.999710363300245
loop	-15.49505460	-78.90220929	473	-9.998449300020043
loop	-15.50074110	-78.89689778	474	-9.996188400141854
loop	-15.50628999	-78.89092748	475	-9.99292788975378
loop	-15.51170138	-78.88429778	476	-9.988668094904142
loop	-15.51697538	-78.87700808	477	-9.983409441568876
loop	-15.52211211	-78.86905777	478	-9.977152455608934
loop	-15.52711165	-78.86044626	479	-9.969897762717695
loop	-15.53197411	-78.85117293	480	-9.961646088358407
loop	-15.53669957	-78.84123718	481	-9.952398257691627
loop	-15.54128814	-78.83063840	482	-9.942155195492713
loop	-15.54573988	-78.81937597	483	-9.930917926059355
loop	-15.55005488	-78.80744928	484	-9.918687573109127
loop	-15.55423321	-78.79485772	485	-9.905465359667133
loop	-15.55827495	-78.78160065	486	-9.891252607943699
loop	-15.56218016	-78.76767745	487	-9.876050739202153
loop	-15.56594891	-78.75308750	488	-9.859861273616703
loop	-15.56958125	-78.73783015	489	-9.842685830120416
loop	-15.57307724	-78.72190477	490	-9.824526126243324
loop	-15.57643694	-78.70531070	491	-9.80538397794069
loop	-15.57966039	-78.68804730	492	-9.785261299411385
loop	-15.58274764	-78.67011391	493	-9.764160102906498
loop	-15.58569873	-78.65150986	494	-9.742082498528092
loop	-15.58851369	-78.63223447	495	-9.719030694018208
loop	-15.59119256	-78.61228706	496	-9.695006994538089
loop	-15.59373538	-78.59166695	497	-9.67001380243766
loop	-15.59614217	-78.57037343	498	-9.644053617015304
loop	-15.59841295	-78.54840579	499	-9.617129034267935
loop	-15.60054774	-78.52576331	500	-9.589242746631385
loop	-15.60254657	-78.50244527	501	-9.560397542711181
loop	-15.60440944	-78.47845091	502	-9.530596307003677
loop	-15.60613637	-78.45377948	503	-9.499842019607609
loop	-15.60772736	-78.42843023	504	-9.46813775592609
loop	-15.60918242	-78.40240235	505	-9.435486686359067
loop	-15.61050156	-78.37569507	506	-9.401892075986286
loop	-15.61168475	-78.34830757	507	-9.36735728424079
loop	-15.61273202	-78.32023902	508	-9.331885764572975
loop	-15.61364333	-78.29148859	509	-9.295481064105251
loop	-15.61441869	-78.26205541	510	-9.258146823277325
loop	-15.61505807	-78.23193861	511	-9.219886775482163
loop	-15.61556145	-78.20113730	512	-9.180704746692669
loop	-15.61592883	-78.16965056	513	-9.14060465507907
loop	-15.61616016	-78.13747746	514	-9.099590510617105
loop	-15.61625543	-78.10461705	515	-9.057666414687045
loop	-15.61621459	-78.07106833	516	-9.014836559663548
loop	-15.61603762	-78.03683032	517	-8.971105228496425
loop	-15.61572448	-78.00190199	518	-8.926476794282346
loop	-15.61527511	-77.96628230	519	-8.880955719827542
loop	-15.61468949	-77.92997015	520	-8.83454655720153
loop	-15.61396756	-77.89296446	521	-8.787253947281899
loop	-15.61310927	-77.85526409	522	-8.739082619290224
loop	-15.61211455	-77.81686788	523	-8.69003739031916
loop	-15.61098336	-77.77777465	524	-8.640123164850744
loop	-15.60971563	-77.73798316	525	-8.58934493426592
loop	-15.60831128	-77.69749216	526	-8.537707776345433
loop	-15.60677026	-77.65630036	527	-8.485216854762045
loop	-15.60509248	-77.61440643	528	-8.431877418564168
loop	-15.60327786	-77.57180902	529	-8.377694801650978
loop	-15.60132633	-77.52850671	530	-8.322674422239013
loop	-15.59923780	-77.48449806	531	-8.266821782320363
loop	-15.59701217	-77.43978159	532	-8.21014246711247
loop	-15.59464935	-77.39435578	533	-8.152642144499634
loop	-15.59214924	-77.34821904	534	-8.094326564466193
loop	-15.58951173	-77.30136975	535	-8.035201558521559
loop	-15.58673672	-77.25380625	536	-7.9752730391170426
loop	-15.58382410	-77.20552680	537	-7.91454699905466
loop	-15.58077373	-77.15652965	538	-7.853029510887806
loop	-15.57758551	-77.10681296	539	-7.790726726314031
loop	-15.57425930	-77.05637483	540	-7.7276448755598715
loop	-15.57079497	-77.00521334	541	-7.663790266757844
loop	-15.56719237	-76.95332646	542	-7.59916928531561
loop	-15.56345137	-76.90071212	543	-7.533788393277465
loop	-15.55957182	-76.84736819	544	-7.467654128678123
loop	-15.55555355	-76.79329246	545	-7.400773104888944
loop	-15.55139641	-76.73848265	546	-7.3331520099565655
loop	-15.54710023	-76.68293640	547	-7.264797605934131
loop	-15.54266483	-76.62665127	548	-7.195716728205075
loop	-15.53809003	-76.56962475	549	-7.125916284799615
loop	-15.53337565	-76.51185425	550	-7.0554032557039195
loop	-15.52852148	-76.45333706	551	-6.9841846921621356
loop	-15.52352734	-76.39407043	552	-6.912267715971271
loop	-15.51839300	-76.33405145	553	-6.839659518769007
loop	-15.51311824	-76.27327718	554	-6.766367361314569
loop	-15.50770286	-76.21174452	555	-6.69239857276262
loop	-15.50214660	-76.14945029	556	-6.6177605499303755
loop	-15.49644923	-76.08639120	557	-6.542460756557914
loop	-15.49061050	-76.02256384	558	-6.466506722561834
loop	-15.48463015	-75.95796466	559	-6.389906043282237
loop	-15.47850791	-75.89259001	560	-6.3126663787232165
loop	-15.47224350	-75.82643610	561	-6.234795452786853
loop	-15.46583662	-75.75949899	562	-6.156301052500863
loop	-15.45928699	-75.69177461	563	-6.0771910272398575
loop	-15.45259428	-75.62325874	564	-5.997473287940438
loop	-15.44575819	-75.55394699	565	-5.9171558063100935
loop	-15.43877836	-75.48383483	566	-5.836246614030073
loop	-15.43165446	-75.41291755	567	-5.754753801952171
loop	-15.42438614	-75.34119024	568	-5.672685519289686
loop	-15.41697300	-75.26864784	569	-5.590049972802488
loop	-15.40941468	-75.19528508	570	-5.506855425976376
loop	-15.40171078	-75.12109647	571	-5.423110198196698
loop	-15.39386087	-75.04607635	572	-5.338822663916442
loop	-15.38586452	-74.97021880	573	-5.254001251818793
loop	-15.37772131	-74.89351767	574	-5.168654443974288
loop	-15.36943075	-74.81596660	575	-5.082790774992584
loop	-15.36099237	-74.73755894	576	-4.9964188311690245
loop	-15.35240567	-74.65828778	577	-4.9095472496260175
loop	-15.34367014	-74.57814595	578	-4.822184717449315
loop	-15.33478524	-74.49712596	579	-4.7343399708193505
loop	-15.32575042	-74.41522003	580	-4.646021794137574
loop	-15.31656509	-74.33242005	581	-4.557239019148055
loop	-15.30722866	-74.24871757	582	-4.4680005240543
loop	-15.29774050	-74.16410378	583	-4.3783152326314685
loop	-15.28809997	-74.07856950	584	-4.288192113333959
loop	-15.27830639	-73.99210516	585	-4.197640178398597
loop	-15.26835906	-73.90470075	586	-4.106668482943409
loop	-15.25825727	-73.81634585	587	-4.015286124062146
loop	-15.24800024	-73.72702956	588	-3.9235022399145385
loop	-15.23758720	-73.63674051	589	-3.831326008812513
loop	-15.22701732	-73.54546678	590	-3.7387666483023603
loop	-15.21628976	-73.45319595	591	-3.6458334142430133
loop	-15.20540362	-73.35991500	592	-3.5525355998804264
loop	-15.19435799	-73.26561031	593	-3.4588825349182883
loop	-15.18315190	-73.17026761	594	-3.3648835845850424
loop	-15.17178435	-73.07387196	595	-3.270548148697406
loop	-15.16025429	-72.97640769	596	-3.1758856607203483
loop	-15.14856064	-72.87785836	597	-3.080905586823781
loop	-15.13670226	-72.77820674	598	-2.9856174249359357
loop	-15.12467795	-72.67743470	599	-2.8900307037936113
loop	-15.11248648	-72.57552322	600	-2.7941549819892586
loop	-15.10012656	-72.47245228	601	-2.697999847015162
loop	-15.08759684	-72.36820082	602	-2.601574914304689
loop	-15.07489589	-72.26274667	603	-2.504889826270749
loop	-15.06202223	-72.15606647	604	-2.407954251341592
loop	-15.04897433	-72.04813559	605	-2.3107778829939223
loop	-15.03575056	-71.93892802	606	-2.2133704387835955
loop	-15.02234921	-71.82841630	607	-2.1157416593738505
loop	-15.00876851	-71.71657140	608	-2.017901307561289
loop	-14.99500659	-71.60336262	609	-1.9198591672995502
loop	-14.98106149	-71.48875742	610	-1.8216250427209588
loop	-14.96693115	-71.37272133	611	-1.7232087571561026
loop	-14.95261339	-71.25521776	612	-1.6246201521515418
loop	-14.93810596	-71.13620783	613	-1.5258690864856115
loop	-14.92340644	-71.01565022	614	-1.4269654351825858
loop	-14.90851231	-70.89350093	615	-1.3279190885251673
loop	-14.89342092	-70.76971305	616	-1.2287399510655004
loop	-14.87812945	-70.64423651	617	-1.1294379406346737
loop	-14.86263493	-70.51701781	618	-1.0300229873509785
loop	-14.84693423	-70.38799969	619	-0.9305050326268891
loop	-14.83102403	-70.25712077	620	-0.8308940281749639
loop	-14.81490081	-70.12431518	621	-0.7311999350126308
loop	-14.79856084	-69.98951209	622	-0.6314327224661277
loop	-14.78200016	-69.85263520	623	-0.5316023671735612
loop	-14.76521457	-69.71360221	624	-0.4317188520872868
loop	-14.74819958	-69.57232413	625	-0.33179216547556817
loop	-14.73095040	-69.42870461	626	-0.2318322999237945
loop	-14.71346195	-69.28263903	627	-0.1318492513352214
loop	-14.69572877	-69.13401359	628	-0.0318530179313799
loop	-14.67774501	-68.98270420	629	0.06814640074770176
loop	-14.65950441	-68.82857520	630	0.16813900484349714
loop	-14.64100023	-68.67147792	631	0.26811479517892356
loop	-14.62222522	-68.51124890	632	0.3680637742582692
loop	-14.60317155	-68.34770796	633	0.46797594726689884
loop	-14.58383074	-68.18065579	634	0.5678413230707805
loop	-14.56419361	-68.00987117	635	0.6676499152155546
loop	-14.54425017	-67.83510769	636	0.7673917429251892
loop	-14.52398953	-67.65608976	637	0.8670568321000133
loop	-14.50339977	-67.47250788	638	0.9666352163141724
loop	-14.48246782	-67.28401285	639	1.0661169378122266
loop	-14.46117930	-67.09020876	640	1.1654920485049365
loop	-14.43951829	-66.89064436	641	1.264750610964027
loop	-14.41746714	-66.68480236	642	1.3638826994159765
loop	-14.39500614	-66.47208606	643	1.4628784007345494
loop	-14.37211323	-66.25180249	644	1.561727815432119
loop	-14.34876352	-66.02314087	645	1.6604210586495722
loop	-14.32492883	-65.78514486	646	1.7589482611448402
loop	-14.30057696	-65.53667641	647	1.8572995702797788
loop	-14.27567089	-65.27636778	648	1.9554651510054424
loop	-14.25016771	-65.00255728	649	2.053435186845546
loop	-14.22401716	-64.71320152	650	2.1511998808781554
loop	-14.19715983	-64.40575365	651	2.248749456715337
loop	-14.16952460	-64.07699075	652	2.3460741594807994
loop	-14.14102516	-63.72276399	653	2.4431642567853773
loop	-14.11155517	-63.33762761	654	2.540010039700231
loop	-14.08098115	-62.91427209	655	2.636601823727784
loop	-14.04913205	-62.44262977	656	2.732929949770124
loop	-14.01578304	-61.90840933	657	2.8289847850949297
loop	-13.98062973	-61.29058651	658	2.924756724298697
loop	-13.94324464	-60.55687675	659	3.0202361902673234
loop	-13.90299988	-59.65503292	660	3.1154136351337787
loop	-13.85891892	-58.49475817	661	3.2102795412328975
loop	-13.80936529	-56.90618711	662	3.3048244220531093
loop	-13.75130308	-54.53127429	663	3.399038823185127
loop	-13.67821070	-50.48342165	664	3.4929133232673486
loop	-13.57245691	-41.95260644	665	3.5864385349280035
loop	-13.36204282	-15.25876075	666	3.6796051057238466
spike at 667
loop	-10.29300547	-65.00000000	667	3.772403719075444
loop	-10.35442195	-66.81914806	668	3.8648250951987935
loop	-10.41927146	-67.98448571	669	3.956859992033308
loop	-10.48520344	-68.57935456	670	4.0484992061659835
loop	-10.55065175	-68.78809443	671	4.13973357375178
loop	-10.61471419	-68.76886700	672	4.230553971429968
loop	-10.67690981	-68.62247638	673	4.320951317236472
loop	-10.73699240	-68.40519654	674	4.410916571512024
loop	-10.79483888	-68.14658161	675	4.500440737806176
loop	-10.85038867	-67.86164244	676	4.589514863776903
loop	-10.90361174	-67.55771008	677	4.678130042085835
loop	-10.95449161	-67.23802667	678	4.7662774112889945
loop	-11.00301603	-66.90356256	679	4.853948156722902
loop	-11.04917134	-66.55390957	680	4.941133511386082
loop	-11.09293867	-66.18768923	681	5.02782475681572
loop	-11.13429067	-65.80269131	682	5.114013223959524
loop	-11.17318821	-65.39584014	683	5.199690294042587
loop	-11.20957653	-64.96301986	684	5.2848473994293075
loop	-11.24337998	-64.49874489	685	5.36947602448011
loop	-11.27449484	-63.99561689	686	5.453567706403019
loop	-11.30277873	-63.44344542	687	5.537114036099907
loop	-11.32803434	-62.82779529	688	5.62010665900743
loop	-11.34998363	-62.12749433	689	5.70253727593246
loop	-11.36822451	-61.31013789	690	5.784397643882001
loop	-11.38215384	-60.32345645	691	5.865679576887464
loop	-11.39082035	-59.07739525	692	5.946374946823286
loop	-11.39261607	-57.40303370	693	6.026475684219723
loop	-11.38454491	-54.94528942	694	6.1059737790697906
loop	-11.36016351	-50.82737551	695	6.18486128163024
loop	-11.30208113	-42.28022262	696	6.263130303216559
loop	-11.13966082	-15.90532613	697	6.340773016991815
spike at 698
loop	-8.14476145	-65.00000000	698	6.4177816587493375
loop	-8.24728724	-66.35525263	699	6.494148527689112
loop	-8.35112006	-67.19464305	700	6.569865987187891
loop	-8.45449390	-67.59905890	701	6.64492646556282
loop	-8.55619716	-67.69828595	702	6.719322456828615
loop	-8.65548476	-67.60288529	703	6.793046521448148
loop	-8.75192304	-67.38699317	704	6.866091287076385
loop	-8.84526358	-67.09474956	705	6.938449449297637
loop	-8.93536073	-66.75060551	706	7.010113772355981
loop	-9.02212192	-66.36710115	707	7.081077089878837
loop	-9.10547794	-65.94961505	708	7.151332305593579
loop	-9.18536420	-65.49895531	709	7.220872394037184
loop	-9.26170726	-65.01258656	710	7.28969040125876
loop	-9.33441298	-64.48496661	711	7.357779445514936
loop	-9.40335346	-63.90718321	712	7.425132717958018
loop	-9.46834974	-63.26583754	713	7.491743483316894
loop	-9.52914606	-62.54082918	714	7.5576050805705375
loop	-9.58536791	-61.70119337	715	7.622710923614112
loop	-9.63644871	-60.69703932	716	7.687054501917558
loop	-9.68149121	-59.44286865	717	7.750629381176671
loop	-9.71898005	-57.77966523	718	7.8134292039565
loop	-9.74610909	-55.37716016	719	7.87544769032711
loop	-9.75692246	-51.43388862	720	7.936678638491531
loop	-9.73573288	-43.48721740	721	7.997115925405982
loop	-9.62186625	-20.21200634	722	8.056753507392132
spike at 723
loop	-6.86515132	-65.00000000	723	8.115585420741487
loop	-6.99170071	-65.96310561	724	8.173605782311729
loop	-7.11796407	-66.52434369	725	8.230808790115056
loop	-7.24263295	-66.75703959	726	8.287188723898353
loop	-7.36479119	-66.75272398	727	8.34273994571523
loop	-7.48384334	-66.58699392	728	8.3974569004898
loop	-7.59941280	-66.31158086	729	8.451334116572173
loop	-7.71125690	-65.95808965	730	8.504366206285644
loop	-7.81920716	-65.54385065	731	8.556547866465435
loop	-7.92312894	-65.07647938	732	8.607873878989016
loop	-8.02289282	-64.55661583	733	8.658339111297899
loop	-8.11835133	-63.97909125	734	8.707938516910911
loop	-8.20931521	-63.33272619	735	8.756667135928822
loop	-8.29552341	-62.59862723	736	8.804520095530343
loop	-8.37659797	-61.74625597	737	8.851492610459383
loop	-8.45196739	-60.72534484	738	8.897579983503597
loop	-8.52072330	-59.44881427	739	8.942777605964084
loop	-8.58132312	-57.75357183	740	8.98708095811627
loop	-8.63089143	-55.29869415	741	9.030485609661849
loop	-8.66327431	-51.25017727	742	9.07298722017184
loop	-8.66206380	-43.01374211	743	9.114581539520612
loop	-8.56237130	-18.38719492	744	9.155264408310895
spike at 745
loop	-5.74179537	-65.00000000	745	9.195031758289707
loop	-5.89097692	-66.00436254	746	9.233879612755189
loop	-6.03952476	-66.59184466	747	9.271804086954269
loop	-6.18608793	-66.83841696	748	9.308801388471137
loop	-6.32972801	-66.84045912	749	9.34486781760646
loop	-6.46984380	-66.67758873	750	9.379999767747389
loop	-6.60606334	-66.40410431	751	9.414193725728182
loop	-6.73815452	-66.05311063	752	9.447446272181537
loop	-6.86596289	-65.64286437	753	9.479754081880525
loop	-6.98937039	-65.18169069	754	9.51111392407109
loop	-7.10826683	-64.67096244	755	9.541522662795147
loop	-7.22252735	-64.10646336	756	9.57097725720417
loop	-7.33199047	-63.47841753	757	9.599474761863261
loop	-7.43643128	-62.77015447	758	9.627012327045701
loop	-7.53552214	-61.95487016	759	9.653587199017919
loop	-7.62876763	-60.98898387	760	9.679196720314863
loop	-7.71538570	-59.79835643	761	9.70383833000575
loop	-7.79406819	-58.24755035	762	9.727509563950138
loop	-7.86243913	-56.06307597	763	9.750208055044363
loop	-7.91562505	-52.60867586	764	9.771931533458229
loop	-7.94153587	-46.05582983	765	9.792677826862
loop	-7.89851787	-28.95318040	766	9.812444860643621
spike at 767
loop	-5.50252161	-65.00000000	767	9.831230658116187
loop	-5.65499404	-65.63071592	768	9.849033340715609
loop	-5.80574154	-65.96184668	769	9.865851128188458
loop	-5.95384260	-66.05397300	770	9.881682338770004
loop	-6.09864427	-65.96962865	771	9.89652538935238
loop	-6.23970498	-65.75840058	772	9.910378795642899
loop	-6.37672795	-65.45426711	773	9.923241172312474
loop	-6.50950529	-65.07797350	774	9.935111233134158
loop	-6.63787598	-64.64019978	775	9.945987791111762
loop	-6.76169412	-64.14391411	776	9.955869758598547
loop	-6.88080232	-63.58552194	777	9.964756147406005
loop	-6.99500514	-62.95471702	778	9.972646068902659
loop	-7.10403609	-62.23276207	779	9.979538734102931
loop	-7.20750882	-61.38836199	780	9.98543345374605
loop	-7.30483465	-60.36900299	781	9.990329638364958
loop	-7.39506748	-59.08238087	782	9.994226798345279
loop	-7.47657881	-57.35316953	783	9.997124543974259
loop	-7.54628231	-54.80876943	784	9.999022585479752
loop	-7.59742467	-50.51700056	785	9.999920733059188
loop	-7.61137662	-41.47511245	786	9.999818896898557
loop	-7.50959447	-12.61134397	787	9.99871708718139
spike at 788
loop	-4.40097154	-65.00000000	788	9.996615414087742
loop	-4.57898992	-66.50945376	789	9.99351408778317
loop	-4.75723259	-67.45561739	790	9.98941341839772
loop	-4.93378253	-67.92364794	791	9.984313815994915
loop	-5.10735469	-68.06195068	792	9.978215790530744
loop	-5.27719583	-67.99706023	793	9.97111995180267
loop	-5.44290225	-67.81258363	794	9.963027009388657
loop	-5.60427451	-67.55757484	795	9.953937772576198
loop	-5.76122570	-67.25917004	796	9.943853150281404
loop	-5.91372846	-66.93181894	797	9.932774150958098
loop	-6.06178516	-66.58281720	798	9.92070188249698
loop	-6.20541089	-66.21535960	799	9.907637552114835
loop	-6.34462326	-65.83014597	800	9.893582466233818
loop	-6.47943548	-65.42617228	801	9.8785380303508
loop	-6.60985097	-65.00104800	802	9.862505748896837
loop	-6.73585796	-64.55100327	803	9.84548722508671
loop	-6.85742336	-64.07063948	804	9.827484160758623
loop	-6.97448446	-63.55239343	805	9.808498356203994
loop	-7.08693715	-62.98559365	806	9.788531709987474
loop	-7.19461778	-62.35484332	807	9.767586218757035
loop	-7.29727416	-61.63718425	808	9.74566397704435
loop	-7.39451622	-60.79688672	809	9.72276717705532
loop	-7.48572691	-59.77525138	810	9.698898108450862
loop	-7.56988819	-58.46895629	811	9.674059158117949
loop	-7.64520639	-56.67898978	812	9.648252809930913
loop	-7.70819074	-53.97212059	813	9.621481644503064
loop	-7.75092139	-49.22361553	814	9.593748338928641
loop	-7.75023882	-38.58396498	815	9.565055666515091
loop	-7.59651346	-.31985366	816	9.535406496505743
spike at 817
loop	-3.56617826	-65.00000000	817	9.504803793792888
loop	-3.76581338	-67.73967132	818	9.4732506186213
loop	-3.96823192	-69.43370196	819	9.440750126282197
loop	-4.16974792	-70.22015919	820	9.407305566797731
loop	-4.36820914	-70.46404508	821	9.372920284595976
loop	-4.56260639	-70.44035807	822	9.337597718176507
loop	-4.75253577	-70.29537700	823	9.301341399766526
loop	-4.93787339	-70.09708342	824	9.264154954967662
loop	-5.11861869	-69.87569273	825	9.226042102393402
loop	-5.29482457	-69.64456302	826	9.187006653297248
loop	-5.46656673	-69.40966448	827	9.147052511191575
loop	-5.63393024	-69.17370930	828	9.106183671457304
loop	-5.79700343	-68.93794882	829	9.064404220944347
loop	-5.95587522	-68.70296533	830	9.021718337562932
loop	-6.11063382	-68.46902730	831	8.978130289865845
loop	-6.26136616	-68.23625218	832	8.93364443662152
loop	-6.40815756	-68.00468242	833	8.888265226378211
loop	-6.55109170	-67.77432186	834	8.841997197019127
loop	-6.69025048	-67.54515324	835	8.79484497530865
loop	-6.82571406	-67.31714681	836	8.746813276429652
loop	-6.95756083	-67.09026447	837	8.697906903512
loop	-7.08586746	-66.86446161	838	8.64813074715222
loop	-7.21070886	-66.63968781	839	8.597489784924482
loop	-7.33215823	-66.41588678	840	8.545989080882805
loop	-7.45028705	-66.19299588	841	8.493633785054673
loop	-7.56516509	-65.97094535	842	8.44042913292604
loop	-7.67686042	-65.74965713	843	8.386380444917783
loop	-7.78543939	-65.52904349	844	8.33149312585366
loop	-7.89096662	-65.30900526	845	8.27577266441984
loop	-7.99350500	-65.08942959	846	8.219224632616022
loop	-8.09311565	-64.87018729	847	8.161854685198284
loop	-8.18985786	-64.65112945	848	8.103668559113547
loop	-8.28378903	-64.43208324	849	8.044672072925938
loop	-8.37496464	-64.21284665	850	7.984871126234903
loop	-8.46343808	-63.99318187	851	7.924271699085283
loop	-8.54926054	-63.77280688	852	7.862879851369292
loop	-8.63248087	-63.55138454	853	7.800701722220543
loop	-8.71314529	-63.32850870	854	7.737743529400134
loop	-8.79129712	-63.10368584	855	7.6740115686748736
loop	-8.86697643	-62.87631102	856	7.6095122131877435
loop	-8.94021944	-62.64563575	857	7.544251912820535
loop	-9.01105795	-62.41072454	858	7.478237193548898
loop	-9.07951837	-62.17039569	859	7.411474656789752
loop	-9.14562056	-61.92313885	860	7.343970978741133
loop	-9.20937615	-61.66699897	861	7.2757329097145975
loop	-9.27078626	-61.39940947	862	7.206767273460181
loop	-9.32983833	-61.11694768	863	7.1370809664840245
loop	-9.38650143	-60.81496787	864	7.06668095735878
loop	-9.44071954	-60.48703561	865	6.99557428602668
loop	-9.49240127	-60.12402861	866	6.923768063095604
loop	-9.54140386	-59.71265482	867	6.851269469128006
loop	-9.58750740	-59.23290354	868	6.778085753922868
loop	-9.63037097	-58.65343056	869	6.704224235790722
loop	-9.66945421	-57.92266424	870	6.629692300821834
loop	-9.70386624	-56.95027909	871	6.5544974021475735
loop	-9.73204722	-55.56457636	872	6.478647059195176
loop	-9.75100905	-53.40069396	873	6.402148856935713
loop	-9.75418433	-49.54886344	874	6.325010445125663
loop	-9.72351272	-41.10302009	875	6.247239537541924
loop	-9.58394431	-13.72546019	876	6.168843911210447
spike at 877
loop	-6.51994522	-65.00000000	877	6.089831405628535
loop	-6.66219929	-68.16324413	878	6.010209921980904
loop	-6.80964213	-70.17170474	879	5.929987422349566
loop	-6.95802446	-71.14379378	880	5.849171928917617
loop	-7.10493773	-71.51843942	881	5.7677715231670845
loop	-7.24931896	-71.61999744	882	5.685794345070696
loop	-7.39077304	-71.61011402	883	5.603248592277947
loop	-7.52918929	-71.55792740	884	5.520142519295329
loop	-7.66457121	-71.49142601	885	5.4364844366608835
loop	-7.79696686	-71.42176947	886	5.352282710113162
loop	-7.92644115	-71.35340668	887	5.26754575975465
loop	-8.05306480	-71.28811731	888	5.182282059209752
loop	-8.17690995	-71.22661201	889	5.096500134777504
loop	-8.29804842	-71.16916797	890	5.010208564578846
loop	-8.41655099	-71.11588341	891	4.923415977698892
loop	-8.53248709	-71.06678026	892	4.836131053323999
loop	-8.64592473	-71.02184607	893	4.748362519873871
loop	-8.75693044	-70.98105128	894	4.6601191541287115
loop	-8.86556926	-70.94435635	895	4.571409780351558
loop	-8.97190473	-70.91171483	896	4.482243269405849
loop	-9.07599894	-70.88307466	897	4.392628537868405
loop	-9.17791247	-70.85837885	898	4.302574547137687
loop	-9.27770449	-70.83756583	899	4.212090302537722
loop	-9.37543268	-70.82056969	900	4.121184852417566
loop	-9.47115330	-70.80732043	901	4.029867287246478
loop	-9.56492121	-70.79774421	902	3.9381467387048765
loop	-9.65678984	-70.79176359	903	3.8460323787711825
loop	-9.74681124	-70.78929779	904	3.7535334188046274
loop	-9.83503607	-70.79026299	905	3.6606591086241105
loop	-9.92151363	-70.79457265	906	3.567418735583286
loop	-10.00629191	-70.80213778	907	3.4738216236417423
loop	-10.08941754	-70.81286731	908	3.379877132432676
loop	-10.17093587	-70.82666839	909	3.285594656326922
loop	-10.25089094	-70.84344673	910	3.1909836234935214
loop	-10.32932555	-70.86310693	911	3.096053494956915
loop	-10.40628125	-70.88555279	912	3.0008137636508496
loop	-10.48179837	-70.91068765	913	2.905273953469072
loop	-10.55591606	-70.93841468	914	2.8094436183130176
loop	-10.62867229	-70.96863716	915	2.7133323411363275
loop	-10.70010388	-71.00125877	916	2.616949732986626
loop	-10.77024654	-71.03618385	917	2.52030543204441
loop	-10.83913488	-71.07331764	918	2.423409102659238
loop	-10.90680245	-71.11256648	919	2.3262704343833
loop	-10.97328175	-71.15383806	920	2.2288991410024765
loop	-11.03860428	-71.19704155	921	2.131304959564945
loop	-11.10280055	-71.24208778	922	2.033497649407556
loop	-11.16590009	-71.28888939	923	1.9354869911798018
loop	-11.22793153	-71.33736095	924	1.83728278586583
loop	-11.28892258	-71.38741906	925	1.7388948538043356
loop	-11.34890006	-71.43898240	926	1.640333033706535
loop	-11.40788994	-71.49197188	927	1.5416071816723032
loop	-11.46591739	-71.54631060	928	1.4427271702045728
loop	-11.52300674	-71.60192396	929	1.3437028872220904
loop	-11.57918156	-71.65873962	930	1.244544235070617
loop	-11.63446468	-71.71668758	931	1.1452611295327708
loop	-11.68887819	-71.77570012	932	1.0458634988363527
loop	-11.74244347	-71.83571181	933	0.9463612826616006
loop	-11.79518124	-71.89665952	934	0.8467644311472142
loop	-11.84711154	-71.95848233	935	0.7470829038953477
loop	-11.89825380	-72.02112157	936	0.6473266689756589
loop	-11.94862680	-72.08452071	937	0.5475057019285096
loop	-11.99824877	-72.14862537	938	0.4476299847674028
loop	-12.04713733	-72.21338323	939	0.34770950498086084
loop	-12.09530956	-72.27874403	940	0.24775425453357763
loop	-12.14278200	-72.34465944	941	0.14777422886730235
loop	-12.18957070	-72.41108308	942	0.047779425901285116
loop	-12.23569116	-72.47797041	943	-0.052220154967506205
loop	-12.28115846	-72.54527869	944	-0.15221451386431742
loop	-12.32598715	-72.61296691	945	-0.25219365143658723
loop	-12.37019139	-72.68099574	946	-0.3521475698538918
loop	-12.41378488	-72.74932749	947	-0.4520662738076486
loop	-12.45678088	-72.81792599	948	-0.5519397715107451
loop	-12.49919229	-72.88675660	949	-0.651758075696639
loop	-12.54103159	-72.95578609	950	-0.751511204618093
loop	-12.58231089	-73.02498266	951	-0.8511891830453426
loop	-12.62304193	-73.09431579	952	-0.9507820432636095
loop	-12.66323612	-73.16375627	953	-1.050279826069866
loop	-12.70290450	-73.23327609	954	-1.1496725817687454
loop	-12.74205781	-73.30284842	955	-1.2489503711675232
loop	-12.78070644	-73.37244757	956	-1.348103266569955
loop	-12.81886051	-73.44204890	957	-1.4471213527691453
loop	-12.85652981	-73.51162880	958	-1.5459947280389894
loop	-12.89372387	-73.58116465	959	-1.6447135051243542
loop	-12.93045194	-73.65063477	960	-1.7432678122297964
loop	-12.96672297	-73.72001839	961	-1.8416477940067342
loop	-13.00254569	-73.78929559	962	-1.9398436125389722
loop	-13.03792857	-73.85844726	963	-2.037845448326505
loop	-13.07287982	-73.92745510	964	-2.1356435012673867
loop	-13.10740743	-73.99630154	965	-2.233227991637839
loop	-13.14151916	-74.06496974	966	-2.330589161070144
loop	-13.17522255	-74.13344354	967	-2.4277172735284935
loop	-13.20852493	-74.20170743	968	-2.5246026162825808
loop	-13.24143342	-74.26974653	969	-2.621235500878869
loop	-13.27395493	-74.33754656	970	-2.7176062641094245
loop	-13.30609621	-74.40509381	971	-2.8137052689782505
loop	-13.33786379	-74.47237511	972	-2.909522905664908
loop	-13.36926402	-74.53937781	973	-3.0050495924855936
loop	-13.40030310	-74.60608976	974	-3.1002757768512303
loop	-13.43098704	-74.67249929	975	-3.1951919362227366
loop	-13.46132168	-74.73859516	976	-3.2897885790632713
loop	-13.49131271	-74.80436660	977	-3.3840562457873813
loop	-13.52096567	-74.86980322	978	-3.47798550970695
loop	-13.55028593	-74.93489505	979	-3.5715669779738595
loop	-13.57927874	-74.99963248	980	-3.6647912925192836
loop	-13.60794920	-75.06400628	981	-3.7576491309894227
loop	-13.63630224	-75.12800755	982	-3.8501312076778267
loop	-13.66434271	-75.19162773	983	-3.9422282744538943
loop	-13.69207529	-75.25485857	984	-4.033931121687696
loop	-13.71950455	-75.31769212	985	-4.125230579170927
loop	-13.74663494	-75.38012072	986	-4.216117517033922
loop	-13.77347079	-75.44213700	987	-4.306582846658633
loop	-13.80001631	-75.50373384	988	-4.3966175215875
loop	-13.82627560	-75.56490437	989	-4.486212538428029
loop	-13.85225266	-75.62564198	990	-4.575358937753213
loop	-13.87795137	-75.68594027	991	-4.664047804997409
loop	-13.90337551	-75.74579307	992	-4.752270271347799
loop	-13.92852878	-75.80519443	993	-4.840017514631264
loop	-13.95341476	-75.86413861	994	-4.927280760196602
loop	-13.97803694	-75.92262003	995	-5.014051281791973
loop	-14.00239874	-75.98063334	996	-5.100320402437544
loop	-14.02650346	-76.03817335	997	-5.186079495293107
loop	-14.05035433	-76.09523502	998	-5.2713199845208605
loop	-14.07395449	-76.15181351	999	-5.3560333461429135
loop	-14.09730702	-76.20790413	1000	-5.440211108893697
spikes:  877 817 788 767 745 723 698 667 230 193 143 123 95 48